1,2,3,4,5,6,7,8,9,10,11,12,13,14,15,16,17,18,19,20,21,22,23,24,25,26,27,28,29,30	1
11	3431
11,20	36
1,7,11,16,20	3
1,7,11,16,18,20	1
1,7,11,20	1
1,9,11,16,20	1
1,3,11,16,20	3
1,11,16,20	230
1,11,16,18,20	19
1,3,11,19,20	1
5,11,20	27
3,5,11,20	22
1,5,11,20	1
3,11,20	18
1,3,11,20	378
1,3,11,18,20	36
1,11,20	60
1,11,18,20	5
11,18,20	1
11,13	578
9,11,13,22	13
1,9,11,13,22	14
1,11,13,22	4
3,7,9,11,13	6
5,9,11,13,16	3
1,5,9,11,13,16	2
5,11,13,16	12
1,5,11,13,16	3
1,11,13,16	3
9,11,13	8414
5,9,11,13	6634
3,5,9,11,13	30
1,3,5,9,11,13	6
1,5,9,11,13	42
3,9,11,13	635
1,3,9,11,13,23	1
1,9,11,13	15
1,9,11,13,23	4
5,11,13	811
3,5,11,13	16
1,3,5,11,13	2
1,5,11,13	9
3,11,13	4
1,11,13	70
11,22	5
9,11,22	89
1,9,11,22	11
3,11,22	1
1,11,22	1
11,24	1
7,11,24	1
1,7,11,24	1
1,9,11,24	1
1,11,24	3
1,11,18,24	1
1,11,14,27	1
1,3,11,27	1
7,11	19
1,7,11,16,21	1
1,7,11,16,19	10
1,7,11,16	255
1,7,11,16,18	22
3,7,9,11,21	1
1,7,11,21	1
7,9,11	46
5,7,9,11	4
3,5,7,9,11	11
3,7,9,11	498
1,7,9,11	1
1,7,11,19	1
3,7,11	2
1,3,7,11	1
1,7,11	175
1,7,11,18	25
7,11,18	2
11,16	5659
1,3,5,11,16,18,21	1
1,11,16,21	4
9,11,16	7181
5,9,11,16	50
3,5,9,11,16	5
1,3,5,9,11,16	13
1,5,9,11,16	23
1,9,11,16	62
1,9,11,16,18	1
1,11,16,19	423
1,11,16,18,19	22
5,11,16	8223
3,5,11,16	597
1,3,5,11,16	1008
1,5,11,16	6547
1,5,11,16,18	1
3,11,16	2
1,3,11,16	70
1,11,16	60252
1,11,16,18	522
11,16,18	1
11,21	1
9,11,21	1
1,11,21	2
9,11	1189733
5,9,11	38993
3,5,9,11	539
1,3,5,9,11	171
1,5,9,11	221
3,9,11	25355
1,3,9,11	11
1,9,11	220
1,9,11,18	2
6,11	30
1,6,7,11,16,20	12
1,6,7,11,20	4
1,6,7,11,18,20	1
1,6,11,16,20	49
1,6,11,16,18,20	9
1,6,11,20	3
1,6,9,11,13,22,27	1
6,9,11,13,22	1
1,6,9,11,13,22	16
1,6,9,11,13,15,22	1
1,6,11,13,22	1
1,6,11,13,18,22	1
1,6,7,11,13	1
6,9,11,13	1
1,3,6,9,11,13	5
1,6,9,11,13	46
1,6,9,11,13,23	19
1,6,11,13	15
6,9,11,22	2
1,3,6,9,11,22	1
1,6,9,11,22	2
1,6,11,22	3
1,6,7,11,18,24	1
1,6,11,24	4
6,7,11	2
1,6,7,11,16,19	10
1,6,7,11,16,18,19	6
1,3,6,7,11,16	1
1,6,7,11,16	70
1,6,7,11,16,18	11
3,6,7,9,11	2
1,6,7,11,19	1
1,6,7,11,18,19	1
1,3,6,7,11	3
1,6,7,11	78
1,6,7,11,18	15
1,6,9,11,16	1
1,3,6,11,16,19	1
1,6,11,16,19	156
1,6,11,16,18,19	19
1,5,6,11,16	3
1,3,6,11,16	3
1,6,11,16	701
1,6,11,16,18	53
6,9,11	12
5,6,9,11	1
1,3,6,9,11	2
1,6,9,11	139
1,6,9,11,15	1
1,6,9,11,23	3
1,6,11,14	1
1,6,11,19	8
5,6,11	5
3,5,6,11	7
1,5,6,11	2
3,6,11	2
1,3,6,11	2
1,6,11	357
1,6,11,18	31
1,6,11,23	1
6,11,18	1
1,6,7,11,17,20	1
1,6,7,11,17	1
1,6,11,17	2
1,6,11,17,18	1
1,6,7,10,11,14,15,17,19,22,23,25	1
1,3,6,7,9,11,14,15,17,19,23,25	1
1,3,4,6,9,11,13,22	4
1,4,6,11,13,22	1
1,3,4,5,6,7,9,11,13	1
1,4,5,6,7,9,11,13	1
1,4,6,7,11,13	1
1,4,6,9,11,13,21,23	1
1,3,4,5,6,9,11,13	1
1,3,4,6,9,11,13	14
1,3,4,6,9,11,13,15	1
1,3,4,6,9,11,22,27	1
1,3,4,6,9,11,22	12
1,3,4,6,9,11,15,22	1
1,4,6,9,11,22	3
1,4,6,7,11	27
1,4,6,7,11,18	1
1,3,4,6,11,16	1
4,6,9,11	8
1,3,4,5,6,9,11	3
1,4,5,6,9,11	2
1,3,4,6,9,11	44
1,4,6,9,11	40
3,4,5,6,11	1
1,4,6,11	32
1,4,6,11,18	5
1,4,6,7,8,11	18
1,4,6,7,8,11,18	5
1,4,6,8,11	5
1,2,3,4,5,6,7,8,9,11,13	15
1,2,3,4,5,6,7,8,9,11,13,18	1
1,2,3,4,5,6,7,8,11,13	1
1,2,3,4,5,6,8,9,11,13	5
1,2,3,4,5,6,8,9,11,13,18	2
1,2,3,4,5,6,7,8,9,11	21
1,2,3,4,5,6,7,8,9,11,18	2
1,2,4,5,6,7,8,9,11	1
1,2,3,4,5,6,8,9,11	11
1,2,3,4,5,6,7,8,9,11,12,13	4
1,2,3,4,5,6,7,8,9,11,12,13,18	1
1,2,3,4,5,6,7,8,9,11,12	2
1,2,3,4,5,6,7,8,9,11,12,18	1
1,2,3,4,6,7,8,10,11	1
1,3,4,6,7,8,11,12	1
1,4,6,7,8,11,12	5
1,4,6,7,8,11,12,18	1
2,4,6,11	1
1,2,3,4,5,6,7,9,11,18,20	1
1,2,3,4,5,6,11,16,20	1
2,3,4,5,6,11,20	21
1,2,3,4,5,6,11,20	39
1,2,3,4,5,6,11,18,20	3
1,2,3,4,5,6,7,9,11,13	3
1,2,3,4,5,6,7,9,11,13,18	1
1,2,3,4,5,6,9,11,13,14	1
2,3,4,5,6,9,11,13	1
1,2,3,4,5,6,9,11,13	24
1,2,3,4,5,6,9,11,13,18	6
1,2,4,5,6,9,11,13	3
2,3,4,6,9,11,13	1
1,2,3,4,6,9,11,13	7
1,2,3,4,6,9,11,13,23	1
1,2,3,4,5,6,11,13	5
1,2,3,4,6,11,13	2
1,2,3,4,6,9,11,22	1
1,2,3,4,5,6,7,9,11,24	1
1,2,3,4,5,6,7,9,11	2
1,2,3,4,5,6,9,11,16	1
1,2,3,4,5,6,11,16,19	17
1,2,3,4,5,6,11,16,18,19	7
1,2,3,4,5,6,11,16	265
1,2,3,4,5,6,11,16,18	22
1,2,4,5,6,11,16	2
1,2,3,4,6,9,11,21,23	1
2,4,5,6,9,11	1
1,2,3,4,5,6,9,11	27
1,2,3,4,5,6,9,11,18	7
1,2,4,5,6,9,11	4
2,3,4,6,9,11	1
1,2,3,4,6,9,11	46
1,2,3,4,6,9,11,23	19
1,2,3,4,5,6,11,19	21
1,2,3,4,5,6,11,18,19	2
2,4,5,6,11	10
2,3,4,5,6,11	128
1,2,3,4,5,6,11	639
1,2,3,4,5,6,11,18	41
1,2,4,5,6,11	11
1,2,4,5,6,11,18	1
2,4,5,6,11,18	1
2,3,4,6,11	8
1,2,3,4,6,11	23
1,2,3,4,6,11,23	4
1,2,4,6,11	3
1,2,3,4,5,6,11,12,16,20	5
2,3,4,5,6,11,12,20	9
1,2,3,4,5,6,11,12,20	11
1,2,3,4,5,6,11,12,13	1
1,2,3,4,5,6,7,9,11,12,18,24	1
1,2,3,4,5,6,7,9,11,12,18	2
1,2,3,4,5,6,9,11,12,16	1
1,2,3,4,5,6,11,12,16,19	17
1,2,3,4,5,6,11,12,16,18,19	2
1,2,3,4,5,6,11,12,16	50
1,2,3,4,5,6,11,12,16,18	12
1,2,3,4,5,6,9,11,12	4
1,2,3,4,5,6,9,11,12,18	2
1,2,3,4,5,6,11,12,19	5
1,2,3,4,5,6,11,12,18,19	2
2,4,5,6,11,12	1
2,3,4,5,6,11,12	55
1,2,3,4,5,6,11,12	111
1,2,3,4,5,6,11,12,18	28
1,2,4,5,6,11,12	3
2,3,4,6,11,12	5
1,2,3,4,6,11,12	3
1,2,3,4,5,6,10,11,12,16,20	1
1,2,3,4,5,6,10,11,12,16,18,20	1
1,2,3,4,5,6,10,11,12,20	2
1,2,3,4,5,6,10,11,12,16,19,21	2
1,2,3,4,5,6,10,11,12,16,21	1
1,2,3,4,5,6,10,11,12,16,19	34
1,2,3,4,5,6,10,11,12,16,18,19	6
1,2,3,4,5,6,10,11,12,16	66
1,2,3,4,5,6,10,11,12,16,18	17
1,2,3,4,5,6,10,11,12,21	3
1,2,3,4,5,6,10,11,12,18,21	1
1,2,3,4,5,6,10,11,12,19	5
1,2,3,4,5,6,10,11,12	48
1,2,3,4,5,6,10,11,12,18	12
1,2,4,5,6,10,11,12	1
1,2,3,4,5,6,10,11,20	1
1,2,3,4,5,6,7,9,10,11,13,21	1
1,2,3,4,5,6,10,11,13,16	2
1,2,3,4,5,6,9,10,11,13	2
1,2,3,4,5,6,9,10,11,13,18	1
1,2,3,4,6,9,10,11,22	2
1,2,3,4,5,6,7,10,11,16,18,21	1
1,2,3,4,5,6,7,9,10,11,16	1
1,2,3,4,5,6,7,9,10,11,18	1
1,2,3,4,5,6,9,10,11,16,21	1
1,2,3,4,5,6,10,11,16,21	11
1,2,3,4,5,6,10,11,16,18,21	5
1,2,3,4,5,6,9,10,11,16	4
1,2,3,4,5,6,10,11,16,19	28
1,2,3,4,5,6,10,11,16,18,19	8
1,2,3,4,5,6,10,11,16	142
1,2,3,4,5,6,10,11,16,18	21
1,2,3,4,5,6,10,11,18,19,21	2
1,2,3,4,5,6,10,11,21	13
1,2,3,4,5,6,10,11,18,21	4
1,2,3,4,5,6,9,10,11	3
1,2,3,4,5,6,9,10,11,18	1
1,2,3,4,5,6,10,11,19	18
1,2,3,4,5,6,10,11,18,19	4
1,2,3,4,5,6,10,11	175
1,2,3,4,5,6,10,11,18	26
1,4,6,7,11,12,18,24	1
1,3,4,6,7,11,12	1
1,4,6,7,10,11,12,16	1
1,4,6,7,10,11,13,16,21	1
1,3,4,5,6,9,10,11,13,16	1
1,3,4,6,9,10,11,13	1
1,3,4,6,9,10,11,22	4
1,3,4,5,6,7,9,10,11,16	1
1,3,4,6,9,10,11	11
6,8,11	1
1,6,8,9,11,13,22	1
1,6,7,8,11,13	1
1,6,7,8,9,11,23	1
1,6,7,8,11	8
1,6,7,8,11,18	1
1,6,8,9,11	1
1,6,8,11	6
1,6,7,8,11,12	3
1,6,7,8,11,12,18	1
2,6,11	6
2,3,5,6,11,20	31
1,2,3,5,6,11,20	5
1,2,5,6,11,20	1
2,3,5,6,11,13	1
1,2,3,5,6,7,9,11	2
1,2,3,5,6,7,11	1
1,2,3,5,6,11,16,19	2
1,2,3,5,6,11,16,18,19	1
2,5,6,11,16	1
2,3,5,6,11,16	1
1,2,3,5,6,11,16	14
1,2,3,5,6,11,16,18	3
2,3,5,6,11,21	1
1,2,3,5,6,9,11	1
1,2,3,5,6,9,11,18	1
1,2,5,6,9,11	2
1,2,3,6,9,11	2
1,2,3,5,6,11,19	4
1,2,3,5,6,11,18,19	1
2,5,6,11	29
2,3,5,6,11	795
1,2,3,5,6,11	90
1,2,3,5,6,11,18	5
1,2,5,6,11	3
2,3,6,11	170
1,2,3,6,11	18
1,2,6,11	1
2,6,11,12	1
2,3,5,6,11,12,20	4
1,2,3,5,6,11,12,20	1
1,2,3,5,6,9,11,12,24	1
1,2,3,5,6,7,9,11,12,18	1
1,2,3,5,6,11,12,16	2
2,5,6,9,11,12	1
2,5,6,11,12	6
2,3,5,6,11,12	220
1,2,3,5,6,11,12	19
1,2,5,6,11,12	1
2,3,6,11,12	27
1,2,3,6,11,12	1
1,2,3,5,6,7,9,10,11,16	1
1,2,3,5,6,7,10,11,16	2
1,2,3,5,6,10,11,16,21	3
1,2,3,5,6,10,11,16,19	4
1,2,3,5,6,10,11,16,18,19	1
1,2,3,5,6,10,11,16	9
1,2,3,5,6,10,11,16,18	1
1,2,3,5,6,10,11,21	5
1,2,3,5,6,9,10,11	1
1,2,3,5,6,10,11,19	3
1,2,3,5,6,10,11	23
1,2,3,5,6,10,11,18	4
1,6,7,11,12,16,20	17
1,6,7,11,12,16,18,20	1
6,7,11,12,22	1
6,7,11,12,24	1
1,3,6,7,11,12,24	1
1,6,7,11,12,24	6
1,6,7,11,12,18,24	6
6,7,11,12	1
1,6,7,11,12,16,19	36
1,6,7,11,12,16,18,19	7
1,6,7,11,12,16	119
1,6,7,11,12,16,18	30
1,6,7,11,12,19	9
1,6,7,11,12,18,19	1
1,6,7,11,12	55
1,6,7,11,12,18	28
1,6,7,10,11,12,16,20	3
1,6,7,10,11,12,16,18,20	1
1,6,7,10,11,12,16,19,21	3
1,6,7,10,11,12,16,21	3
1,6,7,10,11,12,16,18,21	1
1,3,6,7,10,11,12,16,19	1
1,6,7,10,11,12,16,19	104
1,6,7,10,11,12,16,18,19	26
1,3,6,7,10,11,12,16,18	2
1,6,7,10,11,12,16	61
1,6,7,10,11,12,16,18	12
1,6,7,10,11,12,19	1
1,6,7,10,11,12,18,19	1
1,6,7,10,11,12	3
6,10,11	2
1,6,7,10,11,16,20	1
1,6,10,11,16,20	1
1,6,10,11,16,18,20	2
6,10,11,13	1
1,6,9,10,11,13,22	9
1,6,9,10,11,13,23	3
1,6,9,10,11,22	1
6,7,10,11	1
1,6,7,10,11,16,19,21	6
1,6,7,10,11,16,18,19,21	3
1,6,7,10,11,16,21	8
1,6,7,10,11,16,18,21	1
1,6,7,9,10,11,16,18,19	1
1,3,6,7,10,11,16,19	2
1,6,7,10,11,16,19	57
1,6,7,10,11,16,18,19	9
1,5,6,7,10,11,16	1
1,6,7,10,11,16	52
1,6,7,10,11,16,18	11
1,6,7,10,11,21	2
1,6,7,10,11,19	2
1,6,7,10,11	5
1,6,7,10,11,18	1
1,6,7,10,11,23	1
1,6,10,11,16,19,21	4
1,6,10,11,16,18,19,21	2
1,6,10,11,16,21	15
1,6,10,11,16,18,21	5
1,6,9,10,11,16	1
1,6,10,11,16,19	122
1,6,10,11,16,18,19	21
1,3,6,10,11,16	1
1,3,6,10,11,16,18	1
1,6,10,11,16	201
1,6,10,11,16,18	26
6,9,10,11	3
1,3,6,9,10,11	1
1,6,9,10,11	20
6,10,11,19	1
1,6,10,11,19	2
1,3,6,10,11	2
1,6,10,11	29
1,6,10,11,18	3
11,19	135
1,3,11,19	174
1,3,11,18,19	11
1,11,19	108
1,11,18,19	3
11,18,19	1
11,30	1
5,11	1097915
3,5,11	7747
1,3,5,11	2138
1,5,11	6940
5,11,18	1
3,11	84250
1,3,11	88891
1,3,11,18	1264
3,11,18	20
1,11	64405
1,11,18	389
11,18	421
1,3,11,17	1
1,11,17	1
1,11,17,18	1
1,3,4,5,9,11,17	1
1,2,3,4,5,9,11,13,17	1
1,2,3,4,5,9,11,13,17,18	1
1,2,3,4,5,9,11,17	1
1,2,3,4,5,9,11,17,18	1
1,2,3,5,7,9,11,17	1
4,11	177
1,3,4,9,11,13,22	1
1,4,9,11,13,22	1
3,4,5,7,9,11,13	1
1,3,4,5,7,9,11,13	1
1,4,11,13,16,21	1
4,5,9,11,13,16	1
4,5,11,13,16	1
4,9,11,13	1
4,5,9,11,13	4
3,4,5,9,11,13	6
1,3,4,5,9,11,13	63
1,3,4,5,9,11,13,18	4
1,4,5,9,11,13	7
3,4,9,11,13	4
1,3,4,9,11,13	9
1,4,9,11,13	2
1,3,4,5,11,13	1
1,4,5,11,13	1
1,4,11,13	7
4,9,11,22	4
1,3,4,9,11,22	15
1,4,9,11,22	2
4,7,9,11	5
3,4,5,7,9,11	4
3,4,7,9,11	51
1,4,7,11	10
1,3,4,5,9,11,16	1
4,5,11,16	137
3,4,5,11,16	33
1,3,4,5,11,16	65
1,4,5,11,16	50
3,4,11,16	1
1,4,11,16	19
1,4,11,16,18	1
3,4,9,11,21	3
4,9,11	38
4,5,9,11	11
3,4,5,9,11	16
1,3,4,5,9,11	63
1,3,4,5,9,11,18	2
1,4,5,9,11	15
3,4,9,11	407
1,3,4,9,11	83
1,4,9,11	43
4,5,11	247
3,4,5,11	73
1,3,4,5,11	263
1,3,4,5,11,18	1
1,4,5,11	64
3,4,11	36
1,3,4,11	128
1,4,11	596
1,4,11,18	9
1,3,4,5,8,9,11,13	2
1,3,4,5,7,8,9,11	1
1,4,7,8,11	1
1,4,7,8,11,18	1
1,3,4,5,8,9,11	1
1,3,4,8,11	1
1,4,8,11	21
1,4,8,11,18	1
1,2,3,4,5,7,8,9,11,13	13
1,2,3,4,5,7,8,9,11,13,18	1
1,2,3,4,5,7,8,11,13	1
1,2,3,4,5,8,9,11,13	46
1,2,3,4,5,8,9,11,13,18	2
1,2,4,5,8,9,11,13	5
1,2,3,4,5,7,8,9,11	13
1,2,3,4,5,7,8,9,11,18	2
2,4,5,8,9,11	1
1,2,3,4,5,8,9,11	78
1,2,3,4,5,8,9,11,18	1
1,2,4,5,8,9,11	7
1,2,3,4,5,8,11	4
1,2,4,5,8,11	1
1,2,3,4,8,11	2
1,2,3,4,5,7,8,9,11,12,13	3
1,2,3,4,5,7,8,9,11,12	2
1,2,3,4,5,7,8,9,11,12,18	1
1,2,3,4,5,8,9,10,11	4
2,4,11	33
2,4,5,11,16,20	1
1,2,3,4,5,11,16,20	49
1,2,3,4,5,11,16,18,20	3
1,2,4,5,11,16,20	6
1,2,3,4,5,9,11,20	1
1,2,3,4,5,9,11,18,20	1
2,3,4,5,11,20	26
1,2,3,4,5,11,20	139
1,2,3,4,5,11,18,20	6
1,2,4,5,11,20	14
1,2,3,4,11,20	2
1,2,3,4,5,9,11,13,18,22	1
2,3,4,9,11,13,24	1
1,2,3,4,5,7,9,11,13	26
1,2,3,4,5,7,11,13	2
1,2,3,4,5,9,11,13,16	10
2,3,4,5,11,13,16	2
1,2,3,4,5,11,13,16	10
1,2,3,4,5,11,13,16,18	1
1,2,4,5,11,13,16	2
1,2,3,4,5,9,11,13,21	1
1,2,3,4,5,11,13,21	1
2,4,5,9,11,13	13
2,3,4,5,9,11,13	24
1,2,3,4,5,9,11,13	581
1,2,3,4,5,9,11,13,18	29
2,3,4,5,9,11,13,18	1
1,2,4,5,9,11,13	53
1,2,4,5,9,11,13,18	1
1,2,3,4,9,11,13	3
1,2,3,4,9,11,13,23	1
2,4,5,11,13	9
2,3,4,5,11,13	15
1,2,3,4,5,11,13	63
1,2,4,5,11,13	11
2,3,4,11,13	2
1,2,4,5,9,11,22	1
1,2,3,4,9,11,22	2
1,2,3,4,5,7,9,11,24	1
2,3,4,5,9,11,24	1
1,2,3,4,5,9,11,24	3
1,2,3,4,5,9,11,18,24	1
2,3,4,9,11,24	1
1,2,3,4,5,7,11,16	1
1,2,3,4,5,7,11,21	1
2,4,7,9,11	3
2,4,5,7,9,11	1
1,2,3,4,5,7,9,11	27
1,2,3,4,5,7,9,11,18	5
1,2,4,5,7,9,11	4
2,3,4,7,9,11	14
1,2,3,4,7,9,11	1
2,4,5,7,11	1
1,2,3,4,5,7,11	4
1,2,3,4,5,11,16,21	2
1,2,3,4,5,9,11,16,19	1
2,4,5,9,11,16	2
2,3,4,5,9,11,16	5
1,2,3,4,5,9,11,16	200
1,2,3,4,5,9,11,16,18	2
1,2,4,5,9,11,16	3
2,3,4,5,11,16,19	1
1,2,3,4,5,11,16,19	151
1,2,3,4,5,11,16,18,19	18
2,4,5,11,16	261
2,3,4,5,11,16	235
1,2,3,4,5,11,16	19257
1,2,3,4,5,11,16,18	189
1,2,4,5,11,16	282
1,2,4,5,11,16,18	1
1,2,3,4,11,16	3
2,4,5,9,11,21	1
2,4,5,11,21	1
2,3,4,5,11,21	6
1,2,3,4,5,11,21	6
1,2,3,4,11,21	1
2,4,9,11	9
1,2,3,4,5,9,11,19	1
2,4,5,9,11	54
2,3,4,5,9,11	61
1,2,3,4,5,9,11	1106
1,2,3,4,5,9,11,18	26
1,2,4,5,9,11	109
1,2,4,5,9,11,18	6
2,4,5,9,11,18	2
2,3,4,9,11	21
1,2,3,4,9,11	47
1,2,3,4,9,11,23	3
1,2,4,9,11	13
2,3,4,5,11,19	2
1,2,3,4,5,11,19	195
1,2,3,4,5,11,18,19	12
2,4,5,11	746
2,3,4,5,11	2191
1,2,3,4,5,11	36592
1,2,3,4,5,11,18	435
2,3,4,5,11,18	3
1,2,4,5,11	1084
1,2,4,5,11,18	8
2,4,5,11,18	2
2,3,4,11	520
1,2,3,4,11	335
1,2,4,11	10
1,2,4,11,18	1
2,4,11,12	3
1,2,3,4,5,11,12,16,20	1
1,2,3,4,5,11,12,16,18,20	1
2,3,4,5,11,12,20	4
1,2,3,4,5,11,12,20	5
1,2,3,4,5,9,11,12,13,18,24	2
1,2,3,4,5,7,9,11,12,13	2
2,3,4,5,11,12,13,16	1
2,4,5,9,11,12,13	1
1,2,3,4,5,9,11,12,13,18	1
2,4,5,11,12,13	1
2,3,4,5,11,12,13	2
1,2,3,4,5,11,12,13	1
1,2,3,4,5,7,9,11,12,24	1
2,3,4,5,7,9,11,12	1
1,2,3,4,5,7,9,11,12	3
1,2,3,4,5,7,9,11,12,18	2
1,2,3,4,5,7,11,12	1
1,2,3,4,5,11,12,16,19	15
1,2,3,4,5,11,12,16,18,19	8
2,4,5,11,12,16	2
1,2,3,4,5,11,12,16	276
1,2,3,4,5,11,12,16,18	13
1,2,4,5,11,12,16	1
2,3,4,5,11,12,21	2
1,2,3,4,5,11,12,21	1
1,2,4,5,11,12,21	1
1,2,3,4,5,9,11,12	2
1,2,3,4,5,9,11,12,18	2
1,2,4,5,9,11,12	2
1,2,3,4,5,11,12,19	12
1,2,3,4,5,11,12,18,19	2
2,4,5,11,12	15
2,3,4,5,11,12	116
1,2,3,4,5,11,12	337
1,2,3,4,5,11,12,18	36
1,2,4,5,11,12	14
2,3,4,11,12	26
1,2,3,4,11,12	16
1,2,4,11,12	2
1,2,3,4,5,7,9,10,11,12,18	1
1,2,3,4,5,10,11,12,16,21	1
1,2,3,4,5,10,11,12,16,19	17
1,2,3,4,5,10,11,12,16,18,19	3
1,2,3,4,5,10,11,12,16	39
1,2,3,4,5,10,11,12,16,18	11
1,2,3,4,5,10,11,12,21	1
1,2,3,4,5,10,11,12,19	4
1,2,3,4,5,10,11,12,18,19	2
1,2,3,4,5,10,11,12	48
1,2,3,4,5,10,11,12,18	5
1,2,3,4,5,10,11,16,20	2
1,2,3,4,5,10,11,20	2
1,2,3,4,5,7,9,10,11,13,21	1
1,2,3,4,5,7,10,11,13,21	1
1,2,3,4,5,9,10,11,13,16	2
1,2,3,4,5,9,10,11,13,21	1
1,2,3,4,5,9,10,11,13	9
1,2,3,4,5,10,11,13	1
1,2,3,4,5,7,9,10,11,16	1
1,2,3,4,5,7,10,11,16	1
1,2,4,5,7,9,10,11,21	1
2,4,7,9,10,11	1
2,3,4,5,7,9,10,11	3
2,3,4,7,9,10,11	12
1,2,3,4,5,7,10,11	1
1,2,3,4,5,9,10,11,16,21	1
1,2,3,4,5,10,11,16,21	17
1,2,3,4,5,10,11,16,18,21	1
2,3,4,5,9,10,11,16	1
1,2,3,4,5,9,10,11,16	9
1,2,3,4,5,10,11,16,19	33
1,2,3,4,5,10,11,16,18,19	2
1,2,3,4,5,10,11,16	798
1,2,3,4,5,10,11,16,18	80
1,2,3,4,5,9,10,11,21	3
2,3,4,9,10,11,21	1
1,2,3,4,5,10,11,21	20
2,4,9,10,11	2
2,4,5,9,10,11	2
2,3,4,5,9,10,11	2
1,2,3,4,5,9,10,11	24
1,2,3,4,5,9,10,11,18	1
1,2,4,5,9,10,11	1
2,3,4,9,10,11	30
1,2,3,4,9,10,11	2
1,2,3,4,5,10,11,19	31
1,2,3,4,5,10,11,18,19	3
2,3,4,5,10,11	2
1,2,3,4,5,10,11	1215
1,2,3,4,5,10,11,18	84
1,2,4,5,10,11	3
1,3,4,7,11,12	1
1,4,7,11,12	2
1,3,4,5,9,11,12,18	1
4,5,11,12	1
1,4,7,10,11,12,16,21	1
1,4,7,10,11,12,16,18,19	1
1,3,4,5,7,9,10,11,13	1
3,4,9,10,11,13	4
1,4,7,10,11,16	1
4,7,9,10,11,21	2
1,3,4,5,7,9,10,11,21	1
3,4,7,9,10,11,21	2
4,7,9,10,11	8
3,4,5,7,9,10,11	7
1,3,4,5,7,9,10,11	1
3,4,7,9,10,11	46
1,4,10,11,16,21	2
1,3,4,5,10,11,16	1
3,4,9,10,11,21	19
4,9,10,11	36
4,5,9,10,11	3
3,4,5,9,10,11	18
3,4,9,10,11	505
1,3,4,9,10,11	4
1,4,10,11,19	1
1,3,4,5,10,11	1
3,4,10,11	5
8,11	223
1,7,8,11	9
1,8,11,16	1
3,8,11	3
1,3,8,11	15
1,8,11	131
1,8,11,18	1
2,8,11	7
2,5,8,9,11,13	1
1,2,3,5,8,9,11,13	1
2,5,8,9,11	1
1,2,3,5,8,9,11	2
1,2,5,8,9,11	1
2,3,8,11	5
1,2,3,8,11	30
1,2,8,11	12
1,7,8,11,12	2
1,7,8,11,12,18	1
1,8,10,11	2
2,11	4720
2,11,20	4
2,3,5,11,13,20	1
1,2,3,5,9,11,16,20	1
2,5,11,16,20	1
2,3,5,11,16,20	1
1,2,3,5,11,16,20	1
1,2,5,11,16,20	2
2,5,11,20	20
2,3,5,11,20	292
1,2,3,5,11,20	34
1,2,5,11,20	5
2,3,11,20	48
1,2,3,11,20	2
2,11,13	7
2,5,7,9,11,13	2
1,2,5,7,9,11,13	1
2,3,5,9,11,13,16	5
1,2,3,5,9,11,13,16	1
2,3,5,11,13,16	7
1,2,3,5,11,13,16	3
2,9,11,13	15
2,5,9,11,13	32
2,3,5,9,11,13	26
1,2,3,5,9,11,13	41
1,2,3,5,9,11,13,18	1
1,2,5,9,11,13	13
2,3,9,11,13	13
1,2,3,9,11,13	1
1,2,9,11,13	1
2,5,11,13	54
2,3,5,11,13	285
1,2,3,5,11,13	20
1,2,5,11,13	5
2,3,11,13	67
2,9,11,22	1
1,2,3,5,9,11,24	1
2,7,9,11	10
2,5,7,9,11	2
2,3,5,7,9,11	1
1,2,3,5,7,9,11	6
1,2,3,5,7,9,11,18	3
2,3,7,9,11	73
2,3,7,11	1
2,5,9,11,16	5
2,3,5,9,11,16	14
1,2,3,5,9,11,16	17
1,2,5,9,11,16	2
1,2,3,5,11,16,19	16
1,2,3,5,11,16,18,19	1
2,5,11,16	753
2,3,5,11,16	584
1,2,3,5,11,16	2154
1,2,3,5,11,16,18	10
1,2,5,11,16	262
1,2,5,11,16,18	3
2,5,11,16,18	2
2,3,11,16	1
1,2,11,16	1
2,3,5,11,21	1
2,9,11	155
1,2,3,5,9,11,26	1
2,5,9,11	116
2,3,5,9,11	112
1,2,3,5,9,11	139
1,2,3,5,9,11,18	6
1,2,5,9,11	59
1,2,5,9,11,18	2
2,3,9,11	961
1,2,3,9,11	6
1,2,9,11	9
1,2,3,5,11,19	11
1,2,3,5,11,18,19	1
2,5,11	7541
2,3,5,11	59799
1,2,3,5,11	6479
1,2,3,5,11,18	19
2,3,5,11,18	2
1,2,5,11	900
1,2,5,11,18	3
2,5,11,18	1
2,3,11	61811
1,2,3,11	1126
2,3,11,18	1
1,2,11	87
2,11,12	62
2,5,11,12,20	5
2,3,5,11,12,20	18
2,3,11,12,20	2
2,5,11,12,13,16	1
2,3,5,11,12,13	4
2,5,7,9,11,12	1
1,2,3,5,11,12,16	22
1,2,3,5,11,12,16,18	1
1,2,5,11,12,16	1
2,3,5,9,11,12	1
1,2,3,5,9,11,12	5
1,2,3,5,11,12,19	2
2,5,11,12	117
2,3,5,11,12	1050
1,2,3,5,11,12	89
1,2,3,5,11,12,18	2
1,2,5,11,12	2
2,3,11,12	733
1,2,3,11,12	21
1,2,3,5,10,11,20	1
2,7,9,10,11,21	2
2,3,5,7,9,10,11,21	1
2,3,7,9,10,11,21	2
2,3,5,7,9,10,11	1
2,3,7,9,10,11	7
1,2,3,5,7,10,11	2
1,2,3,5,10,11,16,21	2
1,2,3,5,9,10,11,16	1
1,2,3,5,10,11,16,19	5
1,2,3,5,10,11,16	24
1,2,3,5,10,11,16,18	4
1,2,3,5,10,11,21	2
2,9,10,11	1
1,2,3,5,9,10,11	1
2,3,9,10,11	7
1,2,3,5,10,11,19	3
2,5,10,11	1
1,2,3,5,10,11	35
1,2,3,5,10,11,18	5
11,12	6216
1,7,11,12,16,20	9
1,7,11,12,16,18,20	3
1,7,11,12,20	1
3,5,11,12,20	2
1,7,11,12,13,24	1
1,7,11,12,13	1
1,3,7,11,12,18,24	1
1,7,11,12,24	6
1,7,11,12,18,24	5
7,11,12	41
1,7,9,11,12,16,18	1
1,7,11,12,16,19	22
1,7,11,12,16,18,19	7
1,3,7,11,12,16	2
1,7,11,12,16	554
1,7,11,12,16,18	40
7,11,12,19	1
1,7,11,12,19	6
1,7,11,12,18,19	1
1,5,7,11,12	4
1,3,7,11,12	2
1,7,11,12	233
1,7,11,12,18	40
7,11,12,18	2
5,11,12	3
3,5,11,12	8
3,11,12	7
1,11,12	15
1,7,10,11,12,16,18,19,20	1
1,7,10,11,12,16,20	3
1,7,10,11,12,16,21	3
1,7,10,11,12,16,19	19
1,7,10,11,12,16,18,19	5
1,5,7,10,11,12,16	1
1,3,7,10,11,12,16	2
1,7,10,11,12,16	88
1,7,10,11,12,16,18	13
1,7,10,11,12	3
1,7,10,11,12,18	1
10,11	214
1,7,10,11,16,20	3
1,10,11,16,20	6
1,3,10,11,20	19
1,3,10,11,18,20	4
1,10,11,20	2
9,10,11,13,22	3
3,9,10,11,13	1
1,9,10,11,13,23	1
1,7,10,11,16,21	3
1,7,10,11,16,18,21	1
1,7,9,10,11,16	1
1,3,7,10,11,16,19	1
1,7,10,11,16,19	16
1,7,10,11,16,18,19	4
1,7,10,11,16	47
1,7,10,11,16,18	7
3,7,9,10,11,21	3
1,7,10,11,21	3
7,9,10,11	2
3,5,7,9,10,11	3
3,7,9,10,11	15
1,7,10,11	6
10,11,16	1
1,10,11,16,19,21	8
1,10,11,16,21	34
1,10,11,16,18,21	2
1,3,5,9,10,11,16	1
1,10,11,16,19	215
1,10,11,16,18,19	30
1,3,5,10,11,16	17
1,5,10,11,16	1
1,3,10,11,16	6
1,3,10,11,16,18	1
1,10,11,16	1440
1,10,11,16,18	100
10,11,21	1
3,9,10,11,21	2
1,10,11,19,21	1
1,10,11,21	6
9,10,11	13
5,9,10,11	1
3,5,9,10,11	4
3,9,10,11	86
1,3,9,10,11	1
1,9,10,11	6
10,11,19	7
1,3,10,11,19	12
1,3,10,11,18,19	1
1,10,11,19	26
1,10,11,18,19	5
5,10,11	1
1,3,5,10,11	18
1,5,10,11	2
3,10,11	3
1,3,10,11	1745
1,3,10,11,18	226
1,10,11	407
1,10,11,18	32
10,11,18	4
7,9,11,14,25	1
20	20
13,20	1
5,13,20	1
1,3,5,13,20	16
1,5,13,20	2
1,3,13,20	1
1,13,20	3
1,3,5,7,9,20,22,23	1
1,7,20,22	1
1,20,22,23	1
1,7,16,18,20	1
1,7,20	2
1,3,16,20	1
1,16,20	209
1,16,18,20	6
14,20	1
14,20,23	1
1,3,19,20	1
5,20	151
3,5,20	103
1,3,5,20	60
1,5,20	8
3,20	183
1,3,20	577
1,3,18,20	16
1,20	462
1,18,20	9
20,23	1
13	134
13,22	2216
9,13,22	1
1,5,9,13,22	1
1,9,13,22	4
1,5,13,22	1
3,13,22	1
1,3,13,22	7
1,13,22	727
13,24	2
3,5,9,13,24	1
7,13	133
3,7,9,13	3
5,7,13	3
1,5,7,13	2
3,7,13	12
1,7,13	2
13,16	289
1,13,16,21	1
5,9,13,16	13
1,5,9,13,16	5
5,13,16	184
3,5,13,16	3
1,3,5,13,16	2
1,5,13,16	48
3,13,16	2
1,13,16	14
13,21	2
1,13,21	1
9,13	31303
5,9,13	51107
3,5,9,13	72
1,3,5,9,13	27
1,5,9,13	533
3,9,13	1031
1,3,9,13	4
1,9,13	33
1,9,13,18	1
1,9,13,23	2
13,19	15
5,13,19	2
3,13,19	1
1,3,13,19	3
1,13,19	80
13,26	1
5,13	2122054
3,5,13	1297
1,3,5,13	6772
1,5,13	86280
3,13	20252
1,3,13	19443
1,13	479746
1,13,18	2
22	21
7,22	7
7,9,22	12
7,9,14,22	1
7,14,22	1
16,22	8
9,22	81
5,9,22	4
1,5,9,22	1
1,9,22	4
14,22	3
5,22	32
1,3,5,22	1
1,5,22	5
3,22	92
1,3,22	235
1,3,22,23	1
1,22	1300
1,15,22	1
24	421
24,27	6
21,24,27	1
24,27,29	2
14,24,26,27,28,29	29
14,24,26,27,28,29,30	5
3,14,24,26,27,28,29,30	2
3,14,24,26,27,28,29	6
1,14,24,26,27,28,29	2
14,24,26,27,29	8
14,24,26,27,29,30	4
14,24,27,29,30	1
24,26,27,29	4
24,27,29,30	3
14,24,26,27,28,30	4
14,24,27,28,30	1
14,24,27	5
14,24,26,27	10
14,24,26,27,30	5
1,14,24,26,27	2
14,24,27,30	6
24,26,27	3
24,26,27,30	2
24,27,30	3
7,24	2
1,7,24	5
24,29	115
14,24,26,28,29	12
14,24,26,28,29,30	4
1,14,24,26,28,29,30	1
3,14,24,26,28,29	1
14,24,28,29,30	3
14,24,29	22
14,24,26,29	34
14,24,26,29,30	23
3,14,24,26,29,30	1
1,3,14,24,26,29,30	1
1,14,24,26,29,30	1
1,14,24,26,29	1
14,24,29,30	28
1,14,24,29,30	1
24,26,29	338
24,26,29,30	6
3,24,26,29	1
24,29,30	24
1,24,29	1
9,24	1
24,28	165
14,24,26,28	4
14,24,26,28,30	7
14,24,28,30	1
24,26,28	5
24,26,28,30	4
1,24,26,28	1
24,28,30	4
1,24,28	1
14,24	125
14,24,26	121
14,24,26,30	118
3,14,24,26,30	4
1,14,24,26,30	3
3,14,24,26	2
1,3,14,24,26	1
1,14,24,26	7
14,24,30	110
3,14,24,30	2
1,14,24,30	3
1,14,24	4
24,26	314
24,26,30	24
1,24,26	2
24,30	119
5,24	6
3,5,24	1
3,24	35
1,3,24	6
1,24	147
1,18,24	9
27	711
7,27	4
1,7,14,27	1
1,7,27	2
27,29	46
27,28,29	1
14,27,28,29	10
14,26,27,28,29	20
14,26,27,28,29,30	3
3,14,26,27,28,29,30	3
1,14,26,27,28,29,30	1
3,14,26,27,28,29	2
1,14,26,27,28,29	1
3,14,27,28,29	1
1,14,27,28,29	1
27,28,29,30	2
14,27,29	82
14,26,27,29	14
14,26,27,29,30	12
1,14,26,27,29,30	2
3,14,26,27,29	2
1,14,26,27,29	2
14,27,29,30	17
1,14,27,29,30	1
3,14,27,29	1
26,27,29	23
26,27,29,30	4
27,29,30	22
27,28	8
14,27,28	17
14,26,27,28	4
14,26,27,28,30	18
14,27,28,30	2
14,27	395
14,26,27	55
14,26,27,30	54
3,14,26,27,30	2
1,14,26,27,30	3
3,14,26,27	1
1,14,26,27	3
14,27,30	76
1,3,14,27	1
1,14,27	3
26,27	38
26,27,30	15
1,26,27,30	1
27,30	224
5,27	1
3,27	23
1,3,27	9
1,27	162
7	1051
7,16	17
7,9,16	2463
1,7,9,16	1
1,7,16,19	6
1,7,16,18,19	1
1,5,7,16	1
1,3,7,16	1
1,7,16	75
1,7,16,18	10
7,21	43
1,7,21	1
7,9	2852
7,9,14	1
5,7,9	263
3,5,7,9	3
1,3,5,7,9	1
1,5,7,9	5
3,7,9	306
7,19	3
3,7,15,19	1
1,7,19	3
1,7,18,19	2
7,15,19	63
5,7	349
3,5,7	31
1,3,5,7	9
1,5,7	25
5,7,18	2
3,7	2650
1,3,7	49
1,7	869
1,7,18	46
1,7,23	1
7,18	16
7,15	457
7,15,23	1
7,23	1
16	171
5,16,21	1
1,5,16,21	1
1,16,21	26
1,16,18,21	2
9,16	262206
5,9,16	483
3,5,9,16	34
1,3,5,9,16	34
1,5,9,16	97
1,9,16	66
16,19	3
1,5,16,19	6
1,3,16,19	5
1,16,19	3606
1,16,18,19	102
5,16	93480
3,5,16	1285
1,3,5,16	3962
1,5,16	38184
5,16,18	2
3,16	28507
1,3,16	131
1,3,16,18	1
1,16	197509
1,16,18	763
16,18	2
21	877
21,26,29	1
3,21,29	1
9,21	1
3,9,21	1
21,28	1
14,21	10
14,21,26	1
21,26	5
5,21	48
1,5,21	4
3,21	93
1,3,21	88
1,3,21,23	1
1,21	104
15,21	152
29	375
9,29	35
28,29	2
14,28,29	46
14,26,28,29	40
14,26,28,29,30	21
3,14,26,28,29,30	1
1,14,26,28,29,30	3
3,14,26,28,29	3
1,3,14,26,28,29	1
1,14,26,28,29	1
14,28,29,30	10
26,28,29	1
26,28,29,30	9
28,29,30	8
1,28,29	1
14,29	1782
14,26,29	274
14,26,29,30	320
3,14,26,29,30	3
1,14,26,29,30	11
3,14,26,29	2
1,3,14,26,29	3
1,14,26,29	10
14,29,30	1702
3,14,29,30	1
1,14,29,30	15
3,14,29	1
1,14,29	12
26,29	1541
26,29,30	387
1,26,29,30	7
3,26,29	1
1,26,29	1
29,30	5476
1,29,30	13
5,29	1
3,29	2
1,29	24
9	5382
9,14	196
5,9	3026620
3,5,9	2331
1,3,5,9	1003
1,3,5,9,23	2
1,5,9	5071
1,5,9,18	1
5,9,18	3
3,9	42311
1,3,9	129
1,9	777
6	3864
6,20	4
1,6,7,14,20,27	1
6,7,20	1
1,6,7,20	4
1,6,7,15,20	1
1,6,7,20,23	1
6,7,20,23	1
1,6,16,20	7
1,3,6,20	7
1,6,20	11
1,6,20,23	2
6,13	89
6,13,22	42
1,6,9,13,22	1
1,6,13,14,22	1
1,6,13,22	185
1,6,13,15,22	1
1,6,7,13,18	1
1,6,9,13	15
1,6,9,13,23	3
5,6,13	7
3,6,13	9
1,3,6,13	5
1,6,13	123
1,6,13,15	1
6,22	219
1,6,7,22	2
1,6,7,15,22,23	1
1,6,9,22	1
6,14,22	1
1,6,14,22	1
1,3,5,6,22	2
3,6,22	3
1,3,6,22	70
1,6,22	153
1,6,15,22	1
1,6,15,22,23	1
1,6,22,23	3
6,24	63
6,24,27	1
1,6,7,24	1
6,24,29	1
6,24,28	1
6,24,26	1
3,6,24,26	1
3,6,24	1
1,3,6,24	4
1,6,24	27
1,6,18,24	3
6,18,24	1
6,27	44
6,7,14,27	1
6,27,28	13
1,6,14,27	1
1,3,6,27	3
1,6,27	30
6,7	512
1,6,7,16,19	12
1,6,7,16	9
1,6,7,16,18	3
6,7,9	1
5,6,7,9	1
3,6,7,9	3
1,6,7,14,23	1
1,6,7,19	1
5,6,7	3
1,5,6,7	2
3,6,7	20
1,3,6,7	1
1,6,7	234
1,6,7,18	26
1,6,7,15	1
1,6,7,15,23	1
1,6,7,23	2
6,7,18	1
6,7,15	2
1,5,6,16,19	1
1,3,6,16,19	1
1,6,16,19	697
1,6,16,18,19	43
5,6,16	2
1,5,6,16	3
1,6,16	448
1,6,16,18	20
6,21	6
1,6,21	1
6,9	8
5,6,9	28
3,5,6,9	2
1,5,6,9	6
1,6,9	20
1,6,9,23	1
6,28	28
1,3,6,28	1
1,6,28	1
6,14	3
1,3,6,14	1
1,6,14	15
1,6,14,23	5
6,19	359
1,5,6,19	1
3,6,19	4
1,3,6,19	14
1,6,19	573
1,6,18,19	3
6,26	15
1,3,6,26	1
1,6,26	4
5,6	152
3,5,6	17
1,3,5,6	8
1,5,6	24
3,6	1972
1,3,6	1355
1,3,6,18	2
1,3,6,23	2
3,6,18	1
1,6	15681
1,6,18	103
1,6,15	2
1,6,23	16
6,18	8
6,17	25
5,6,13,17	1
1,6,7,15,17,19,22	1
1,6,14,17,27	6
6,7,17	3
1,3,5,6,7,9,14,15,17	1
1,5,6,7,17	2
1,6,7,17	2
1,6,7,15,17	1
6,14,17	2
1,3,6,14,17	1
1,6,14,17	4
1,6,17	47
1,6,17,18	2
1,6,15,17	1
6,15,17	1
4,6,17	4
1,4,6,14,17,27	1
1,3,4,6,14,17	1
1,4,6,14,17	1
3,4,6,17	1
1,4,6,17	4
1,3,4,6,7,8,17,20	1
1,3,4,5,6,7,8,9,15,17,19	1
1,4,6,7,8,15,17,19	1
1,4,6,7,8,17	4
1,4,6,7,8,15,17	1
1,4,6,8,14,17	1
1,4,6,8,17	1
1,2,3,4,5,6,7,8,13,15,17,19,21,27	1
1,2,3,4,5,6,7,8,9,13,15,17,19,21	1
1,2,3,4,5,6,7,8,13,15,17,19,21	1
1,2,3,4,5,6,7,8,9,13,17	4
1,2,3,4,5,6,7,8,13,14,17	1
1,2,3,4,5,6,7,8,13,17	1
1,2,3,4,5,6,8,9,13,14,15,17,19,21	1
1,2,3,4,5,6,8,9,13,17	2
1,2,3,4,5,6,8,13,17	5
1,2,3,4,5,6,7,8,9,15,17,19,22	1
1,2,3,4,5,6,8,14,17,27	1
1,2,3,4,5,6,7,8,9,15,17,19,21	1
1,2,3,4,5,6,7,8,9,15,17,19	2
1,2,3,4,5,6,7,8,9,17	1
1,2,3,4,5,6,7,8,17	1
1,2,3,4,6,7,8,17	1
1,2,4,6,7,8,17	1
1,2,3,4,5,6,8,17	3
1,2,3,4,6,8,17	15
1,2,4,6,8,17	1
1,2,3,4,6,7,8,12,14,15,17,25	1
1,2,3,4,5,6,8,9,10,13,17	1
1,2,3,4,6,7,8,10,17	1
1,2,3,4,5,6,8,10,17	1
1,2,3,4,6,8,10,17	2
1,2,3,4,5,6,7,8,9,10,14,15,17,19,20,21,22,23,25	1
1,2,3,4,6,7,8,10,14,15,17,20,25	1
1,2,3,4,5,6,7,8,9,10,13,14,15,17,19,21,22,23,25	1
1,2,3,4,5,6,7,8,9,10,13,14,15,17,19,21,23,25	2
1,2,3,4,5,6,7,8,9,10,14,15,17,19,21,22,25	1
1,2,3,4,5,6,7,8,9,10,14,15,17,19,21,22,23,25	1
1,2,3,4,5,6,7,8,10,14,15,17,21,22,23,25	1
1,2,3,4,5,6,7,8,9,10,14,15,17,19,21,23,25	2
1,2,3,4,5,6,7,8,9,10,14,15,17,21,23,25	1
1,2,3,4,5,6,7,8,9,10,14,15,17,19,25	2
1,2,3,4,5,6,7,8,10,14,15,17,19,25	1
1,2,4,6,7,8,10,14,15,17,19,25	1
1,2,3,4,5,6,7,8,9,13,14,15,17,19,21,22,25	2
1,2,3,4,5,6,7,8,9,13,14,15,17,19,21,25	2
1,2,3,4,5,6,7,8,9,13,14,15,17,19,21,23,25	2
1,2,4,6,7,8,14,15,17,19,22,25	1
1,2,3,4,5,6,7,8,9,14,15,17,19,21,25	1
1,2,3,4,5,6,7,8,9,15,17,19,21,25	1
1,4,6,7,8,10,15,17,19	1
1,4,6,7,8,10,17	2
1,4,6,7,8,10,14,15,17,20,22,23,25,27	2
1,4,6,7,8,10,14,15,17,19,20,22,23,25	2
1,4,6,7,8,10,14,15,17,20,22,23,25	3
1,4,6,7,8,10,14,15,17,19,20,23,25,27	1
1,3,4,6,7,8,10,14,15,17,20,23,25	1
1,4,6,7,8,10,14,15,17,22,23,25,27	1
1,3,4,6,7,8,10,14,15,17,19,22,23,25	1
1,4,6,7,8,10,14,15,17,19,22,25	2
1,4,6,7,8,10,14,15,17,19,22,23,25	1
1,4,6,7,8,10,14,15,17,22,23,25	3
1,4,6,7,8,10,14,15,17,19,23,25	1
1,3,4,6,7,8,14,15,17,20,22,25,27	1
1,4,6,7,8,14,15,17,20,23,25,27	1
1,4,6,7,8,14,15,17,19,22,25	1
1,4,6,7,8,14,15,17,22,23,25	1
1,3,4,5,6,7,8,9,15,17,19,25	1
2,4,6,17	2
1,2,4,5,6,7,9,13,17,22	1
1,2,3,4,5,6,7,13,17	2
1,2,3,4,5,6,13,17	6
1,2,3,4,6,14,17,27	1
1,2,3,4,5,6,7,9,14,15,17,21,23	1
2,4,5,6,7,9,17	1
1,2,4,5,6,7,9,15,17	1
1,2,3,4,5,6,9,17	1
2,3,4,5,6,17	7
1,2,3,4,5,6,17	5
1,2,4,5,6,17	2
2,3,4,6,17	3
1,2,3,4,6,17	9
1,2,3,4,6,17,18	2
1,2,4,6,12,17	1
1,2,3,4,5,6,7,10,13,17	1
1,2,3,4,5,6,9,10,13,17	1
1,2,3,4,5,6,10,13,17	1
1,2,3,4,5,6,7,10,17	1
1,2,3,4,6,10,17	3
1,2,3,4,5,6,7,9,10,13,14,15,17,19,20,21,23,25	1
1,2,3,4,5,6,7,9,10,14,15,17,19,20,21,22,23,25	1
1,2,3,4,5,6,7,9,10,13,14,15,17,19,21,22,25	1
1,2,3,4,5,6,7,9,10,14,15,17,19,23,25	1
1,2,3,4,5,6,7,9,14,15,17,19,20,21,22,23,25	3
1,2,3,4,5,6,7,9,13,14,15,17,19,21,22,23,25	1
1,2,3,4,5,6,7,13,14,15,17,19,21,22,23,25	1
1,2,3,4,6,7,14,15,17,19,22,25	1
1,2,3,4,5,6,7,9,14,15,17,19,21,25	1
1,4,6,7,10,13,14,15,17,19,20,22,23,25,27	1
1,4,6,7,10,14,15,17,20,22,23,25,27	2
1,4,6,7,10,14,15,17,20,23,25	1
1,4,6,7,10,14,15,17,19,22,25	1
1,4,6,7,10,14,15,17,19,23,25	1
1,4,6,7,10,14,15,17,25	1
1,4,6,7,10,14,15,17,23,25	1
1,4,6,7,14,15,17,20,23,25	1
1,4,6,7,14,15,17,19,25	2
1,4,6,7,14,15,17,19,23,25	1
6,8,17	4
1,6,7,8,14,17,20,22,23	1
1,6,8,13,17	2
1,6,7,8,14,15,17,19,27	1
1,6,7,8,14,15,17,27	1
1,6,8,14,17,27	1
6,7,8,17	1
1,3,5,6,7,8,9,14,15,17	1
1,6,7,8,14,17	1
1,6,7,8,15,17,19	10
1,6,7,8,15,17,19,23	1
3,6,7,8,15,17	1
1,6,7,8,17	8
1,6,7,8,15,17	3
1,6,8,14,15,17,19	2
1,6,8,14,17	1
1,6,8,15,17,19	3
1,3,6,8,17	4
1,6,8,17	102
6,8,15,17	2
1,2,6,8,15,17,22,27	1
1,2,5,6,7,8,9,17,22	1
1,2,5,6,7,8,9,15,17,22	1
1,2,3,6,8,17,27	1
1,2,3,5,6,7,8,9,17	2
2,5,6,7,8,17	2
1,2,3,6,7,8,17	1
1,2,6,7,8,17	3
1,2,3,5,6,8,9,15,17	2
1,2,3,6,8,17	2
1,2,3,6,8,15,17	5
1,2,6,8,17	7
2,3,6,7,8,10,17,20,22	1
1,2,3,5,6,7,8,10,14,15,17,20,21,23	1
1,2,3,5,6,7,8,9,10,13,14,15,17,22,23	1
1,2,3,5,6,7,8,10,15,17,21,23	1
1,2,3,5,6,7,8,9,10,17,23	1
1,2,3,5,6,7,8,10,17	1
1,2,3,5,6,7,8,9,10,14,15,17,20,21,22,23,25,27	1
1,2,3,5,6,7,8,9,10,14,15,17,20,21,22,23,25	1
1,2,3,5,6,7,8,10,14,15,17,20,21,22,23,25	1
1,2,3,5,6,7,8,9,10,14,15,17,20,22,25	1
1,2,3,5,6,7,8,9,10,14,15,17,20,21,23,25	1
1,2,3,6,7,8,10,14,15,17,20,23,25	1
1,2,3,5,6,7,8,9,10,14,15,17,21,22,23,25	1
1,2,3,5,6,7,8,10,14,15,17,21,22,25	1
1,2,3,5,6,7,8,10,14,15,17,21,22,23,25	2
1,2,3,6,7,8,10,14,15,17,21,22,23,25	1
1,2,3,6,7,8,10,14,15,17,22,23,25	1
1,2,3,5,6,7,8,9,10,14,15,17,21,23,25	3
1,2,3,5,6,7,8,9,14,15,17,20,21,22,23,25	1
1,2,3,5,6,7,8,9,14,15,17,20,21,25	1
1,2,3,5,6,7,8,9,14,15,17,21,22,23,25	2
1,2,3,5,6,7,8,14,15,17,21,22,25	1
2,3,6,7,8,15,17,22,23,25	1
1,2,3,5,6,7,8,9,14,15,17,21,23,25	1
1,2,3,5,6,7,8,14,15,17,21,25	1
1,2,3,6,7,8,14,15,17,23,25	1
1,6,7,8,10,17	4
6,7,8,10,15,17,23	1
6,7,8,10,17,23	1
1,6,8,10,17	8
1,6,7,8,10,13,14,15,17,19,20,22,23,25	1
1,6,7,8,10,14,15,17,20,22,23,25,27	1
1,6,7,8,10,14,15,17,19,20,22,25	1
1,6,7,8,10,14,15,17,19,20,22,23,25	3
1,6,7,8,10,14,15,17,20,22,23,25	6
1,6,7,8,10,14,15,17,19,20,23,25	2
1,6,7,8,10,14,15,17,20,25	1
1,6,7,8,10,14,15,17,20,23,25	7
1,6,7,8,10,14,15,17,22,23,25,27	1
1,6,7,8,10,14,15,17,19,22,23,25	1
1,6,7,8,10,14,15,17,22,25	1
1,6,7,8,10,14,15,17,22,23,25	7
1,6,7,8,10,14,15,17,19,25	2
1,6,7,8,10,14,15,17,19,23,25	2
1,3,5,6,7,8,10,14,15,17,25	1
1,3,6,7,8,10,14,15,17,23,25	1
1,6,7,8,10,14,15,17,25	2
1,6,7,8,10,14,15,17,23,25	7
1,6,7,8,13,14,15,17,19,20,23,25	1
1,6,7,8,14,15,17,19,20,22,23,25,27	2
1,6,7,8,14,15,17,20,22,23,25	2
1,6,7,8,14,15,17,19,22,25	1
1,6,7,8,14,15,17,19,22,23,25	1
1,6,7,8,14,15,17,22,25	2
1,6,7,8,14,15,17,22,23,25	2
1,6,7,8,14,15,17,23,25,27	2
1,6,7,8,14,15,17,19,25	6
1,6,7,8,14,15,17,19,23,25	1
1,6,7,8,14,15,17,25	7
1,6,7,8,14,15,17,23,25	2
6,7,8,14,17,23,25	1
1,6,8,14,15,17,25	1
2,6,17,22	1
1,2,3,5,6,7,9,14,15,17,21,22,23	1
1,2,5,6,7,9,17,22	1
1,2,3,5,6,7,9,17	2
1,2,5,6,7,9,17	1
1,2,3,5,6,7,14,15,17	1
2,5,6,7,17	2
1,2,5,6,7,15,17	1
1,2,3,6,7,17	1
1,2,6,7,15,17	1
1,2,3,5,6,9,17	2
2,5,6,17	1
2,3,5,6,17	1
1,2,3,5,6,17	2
1,2,3,6,17	4
1,2,6,17	1
1,2,6,15,17	1
1,2,3,5,6,7,9,10,14,15,17,20,21,23	1
1,2,3,5,6,7,9,10,14,15,17,20	1
1,2,3,6,10,17	1
1,2,3,5,6,7,9,10,14,15,17,20,21,22,23,25,27	1
1,2,3,5,6,7,9,10,14,15,17,20,21,22,23,25	2
1,2,3,5,6,7,9,10,15,17,20,21,22,23,25	1
1,2,3,5,6,7,10,14,15,17,20,21,22,23,25	1
1,2,3,5,6,7,9,10,14,15,17,20,21,23,25	2
1,2,3,6,7,10,14,15,17,21,22,23,25	1
1,2,3,5,6,7,9,10,14,15,17,21,23,25	1
1,2,3,5,6,7,10,14,15,17,23,25	1
1,2,3,5,6,7,9,14,15,17,20,21,22,23,25	1
1,2,3,5,6,7,9,15,17,20,21,22,23,25	1
1,2,3,5,6,7,9,14,15,17,21,22,23,25	1
1,2,3,5,6,7,14,15,17,21,22,23,25	1
1,2,3,5,6,7,14,15,17,21,25	1
1,2,3,5,6,7,9,14,15,17,25	1
1,2,3,5,6,7,9,15,17,25	1
6,10,17	1
1,6,7,10,14,15,17	1
1,6,7,10,17	1
1,6,10,17	1
1,3,6,7,10,13,14,15,17,19,20,22,23,25	1
1,6,7,10,14,15,17,20,22,25	1
1,6,7,10,14,15,17,20,22,23,25	5
6,7,10,14,15,17,20,22,23,25	1
1,6,7,10,14,15,17,20,25	2
1,6,7,10,14,15,17,20,23,25	2
1,6,7,10,14,15,17,19,22,25	3
1,6,7,10,14,15,17,19,22,23,25	1
1,6,7,10,14,15,17,22,23,25	3
1,6,7,10,14,15,17,19,25	3
1,6,7,10,14,15,17,19,23,25	3
1,6,7,10,14,15,17,23,25	5
6,7,10,14,15,17,25	1
1,6,10,14,15,17,25	1
1,6,7,14,15,17,19,20,22,23,25	1
1,6,7,14,15,17,20,22,23,25	1
1,6,7,14,15,17,20,25	1
1,6,7,14,15,17,20,23,25	1
6,7,14,15,17,20,25	1
1,3,5,6,7,9,14,15,17,21,22,23,25	1
1,6,7,14,15,17,19,22,23,25	3
1,6,7,14,15,17,22,25	3
1,6,7,14,15,17,22,23,25	4
1,6,7,14,15,17,19,25	2
1,6,7,14,15,17,19,23,25	1
1,6,7,14,15,17,25	5
1,6,7,14,15,17,23,25	1
6,23	5
4,6	30104
4,6,20	1
1,4,6,7,20,23	1
1,3,4,6,20	2
4,6,13	15
4,6,13,22	1
3,4,6,13,22	1
1,3,4,6,13,22	15
1,4,6,13,22	3
1,3,4,5,6,7,9,13	1
1,4,6,7,13	1
1,3,4,5,6,9,13	1
1,4,5,6,9,13	2
1,3,4,6,9,13	7
1,3,4,5,6,13,19	2
4,5,6,13	1
1,3,4,5,6,13	18
1,4,5,6,13	3
1,3,4,6,13	293
1,3,4,6,13,15	1
1,4,6,13	50
4,6,22	11
1,4,6,7,22	1
3,4,6,22	1
1,3,4,6,22	133
1,3,4,6,15,22	1
1,4,6,22	20
1,4,6,22,23	1
4,6,24	12
4,6,24,28	1
1,4,6,24	3
4,6,27	3
1,3,4,6,27	13
1,4,6,27	1
4,6,7	230
4,5,6,7	3
1,3,4,6,7	3
1,4,6,7	49
1,4,6,7,18	3
4,6,7,18	1
1,3,4,5,6,16	2
4,6,21	1
4,6,29	1
4,5,6,9	5
3,4,5,6,9	1
1,3,4,5,6,9	7
1,4,5,6,9	4
1,3,4,6,9	2
1,4,6,9	3
4,6,28	4
4,6,26,28	1
1,4,6,28	1
1,3,4,6,14	2
1,3,4,5,6,19	3
3,4,6,19	1
1,3,4,6,19	15
1,4,6,19	1
1,4,6,18,19	1
4,6,26	9
4,5,6	27
3,4,5,6	1
1,3,4,5,6	23
1,4,5,6	22
1,4,5,6,18	1
3,4,6	353
1,3,4,6	4440
1,3,4,6,23	1
3,4,6,23	1
1,4,6	2174
1,4,6,18	7
4,6,18	2
4,6,23	1
4,6,8	172
1,4,6,7,8,20	1
1,4,6,7,8,15,20	2
1,4,6,7,8,15,20,23	3
1,4,6,7,8,20,23	3
1,3,4,5,6,7,8,13	1
1,4,6,7,8,13	1
1,3,4,5,6,8,9,13	1
1,3,4,5,6,8,13,14	1
1,3,4,5,6,8,13	6
1,3,4,5,6,8,13,15	1
1,4,5,6,8,13	1
1,3,4,6,8,13	1
1,4,6,8,13	2
4,6,8,24	1
4,6,8,24,26	1
4,6,7,8	1
1,3,4,5,6,7,8,9,15,19	1
1,4,6,7,8,14	1
1,4,6,7,8,14,23	1
1,3,4,5,6,7,8	1
1,3,4,6,7,8	2
1,4,6,7,8	39
1,4,6,7,8,18	1
1,4,6,7,8,15	1
1,4,6,7,8,15,23	1
1,4,6,7,8,23	2
1,3,4,5,6,8,9	2
1,3,4,5,6,8	8
1,4,5,6,8	3
3,4,6,8	9
1,3,4,6,8	39
1,4,6,8	205
1,4,6,8,15	1
2,4,6,8	58
1,2,3,4,5,6,7,8,9,13,20	2
1,2,3,4,5,6,7,8,13,20	9
1,2,3,4,5,6,7,8,13,15,20,23	2
1,2,3,4,5,6,7,8,13,20,23	2
1,2,3,4,5,6,8,9,13,20	3
1,2,3,4,5,6,8,13,14,20,23	1
1,2,3,4,5,6,8,13,20	14
1,2,3,4,5,6,8,13,15,20	2
1,2,3,4,5,6,7,8,9,20	2
1,2,3,4,5,6,7,8,20	3
1,2,3,4,5,6,7,8,15,20	1
1,2,3,4,5,6,7,8,15,20,23	3
1,2,3,4,5,6,7,8,20,23	2
1,2,3,4,5,6,8,9,20	1
1,2,3,4,5,6,8,20	5
1,2,3,4,5,6,8,15,20	4
2,4,6,8,13	1
1,2,3,4,5,6,8,9,13,22	1
1,2,3,4,5,6,8,13,14,22	1
1,2,3,4,5,6,8,13,22	3
1,2,3,4,5,6,8,13,15,22,23	1
1,2,3,4,5,6,7,8,9,13	16
1,2,3,4,5,6,7,8,9,13,18	1
1,2,3,4,5,6,7,8,9,13,15	2
1,2,3,4,5,6,7,8,9,13,23	1
1,2,3,4,5,6,7,8,13	53
1,2,3,4,5,6,7,8,13,15	10
1,2,3,4,5,6,7,8,13,23	5
1,2,4,5,6,7,8,13	2
1,2,3,4,6,7,8,13	1
1,2,3,4,5,6,8,9,13,14,15,19,21	1
1,2,3,4,5,6,8,9,13	52
1,2,3,4,5,6,8,9,13,18	1
1,2,3,4,5,6,8,9,13,15	5
1,2,3,4,5,6,8,9,13,23	1
1,2,4,5,6,8,9,13	1
1,2,3,4,5,6,8,13,14	2
1,2,3,4,5,6,8,13,14,23	2
1,2,3,4,5,6,8,13,26	1
2,4,5,6,8,13	4
2,3,4,5,6,8,13	1
1,2,3,4,5,6,8,13	508
1,2,3,4,5,6,8,13,15	44
1,2,3,4,5,6,8,13,15,23	1
1,2,3,4,5,6,8,13,23	8
1,2,4,5,6,8,13	25
1,2,3,4,6,8,13	5
1,2,3,4,6,8,13,15	1
1,2,4,6,8,13	2
1,2,4,6,8,13,15	1
1,2,3,4,5,6,7,8,15,21,22,23	1
1,2,3,4,5,6,7,8,9,22	1
1,2,3,4,5,6,8,15,22	1
2,4,6,8,24	2
2,4,6,8,24,26	1
2,3,4,6,8,24,26	1
1,2,4,6,8,24,26	1
1,2,3,4,5,6,7,8,14,27	1
1,2,3,4,5,6,8,14,23,27	1
2,4,6,7,8	1
1,2,3,4,5,6,7,8,9,15,19,21	2
1,2,3,4,6,7,8,15,19,21,23	1
1,2,3,4,5,6,7,8,9,14	1
1,2,3,4,5,6,7,8,9,15,19	1
2,4,5,6,7,8,9	1
1,2,3,4,5,6,7,8,9	25
1,2,3,4,5,6,7,8,9,18	1
1,2,3,4,5,6,7,8,9,15	2
1,2,4,5,6,7,8,9	3
1,2,3,4,5,6,7,8,14	2
1,2,3,4,5,6,7,8,15,19	1
1,2,4,5,6,7,8,15,19	1
2,4,5,6,7,8	1
2,3,4,5,6,7,8	1
1,2,3,4,5,6,7,8	112
1,2,3,4,5,6,7,8,18	1
1,2,3,4,5,6,7,8,15	8
1,2,3,4,5,6,7,8,15,23	2
1,2,3,4,5,6,7,8,23	2
1,2,4,5,6,7,8	35
2,3,4,6,7,8	1
1,2,3,4,6,7,8	33
1,2,3,4,6,7,8,18	2
1,2,3,4,6,7,8,15	1
1,2,3,4,6,7,8,23	2
1,2,4,6,7,8	20
2,4,5,6,8,9	1
1,2,3,4,5,6,8,9	64
1,2,3,4,5,6,8,9,18	1
1,2,3,4,5,6,8,9,15	3
1,2,3,4,5,6,8,14	1
1,2,3,4,5,6,8,14,23	2
1,2,3,4,5,6,8,15,19	1
2,4,6,8,26	1
2,4,5,6,8	13
2,3,4,5,6,8	2
1,2,3,4,5,6,8	385
1,2,3,4,5,6,8,15	19
1,2,3,4,5,6,8,15,23	1
1,2,3,4,5,6,8,23	5
1,2,4,5,6,8	68
2,3,4,6,8	45
1,2,3,4,6,8	948
1,2,3,4,6,8,18	3
1,2,3,4,6,8,15	9
1,2,3,4,6,8,23	1
1,2,4,6,8	551
1,2,4,6,8,15	25
2,4,6,8,15	1
2,4,6,8,12	1
1,2,3,4,5,6,7,8,9,12,13	1
2,4,6,8,12,24	2
2,3,4,6,8,12,24,28	1
1,2,4,6,8,12,24	1
1,2,3,4,5,6,7,8,12	1
1,2,3,4,5,6,7,8,12,18	1
1,2,3,4,5,6,8,12	1
1,2,3,4,5,6,7,8,9,10,13,14,15,19,20,21,23	1
1,2,3,4,5,6,7,8,10,13,20	5
1,2,3,4,5,6,7,8,10,13,15,20	2
1,2,3,4,5,6,7,8,10,13,20,23	2
1,2,3,4,5,6,8,10,13,20	2
1,2,3,4,5,6,8,10,13,15,20	1
1,2,3,4,5,6,8,10,13,20,23	1
1,2,3,4,5,6,7,8,10,14,15,19,20,22,23	1
1,2,3,4,5,6,7,8,9,10,20	1
1,2,3,4,5,6,7,8,10,20	1
1,2,3,4,5,6,7,8,10,15,20	2
1,2,3,4,5,6,7,8,10,15,20,23	3
1,2,3,4,5,6,8,10,20	2
1,2,3,4,5,6,7,8,9,10,13	3
1,2,3,4,5,6,7,8,10,13	4
1,2,3,4,5,6,7,8,10,13,15	3
1,2,3,4,5,6,7,8,10,13,23	1
1,2,3,4,5,6,8,9,10,13	1
1,2,3,4,5,6,8,10,13	16
1,2,3,4,5,6,8,10,13,15	3
1,2,3,4,5,6,8,10,13,23	1
1,2,3,4,5,6,7,8,9,10	1
1,2,3,4,5,6,7,8,10	13
1,2,3,4,5,6,7,8,10,15	5
1,2,3,4,5,6,7,8,10,23	1
1,2,3,4,6,7,8,10	4
1,2,3,4,5,6,8,9,10	2
1,2,3,4,5,6,8,10	9
1,2,3,4,5,6,8,10,15	1
1,2,3,4,6,8,10	4
1,2,3,4,5,6,7,8,9,10,14,15,19,20,21,22,23,25	1
1,2,3,4,5,6,7,8,9,10,13,14,15,19,21,22,25	1
1,2,3,4,5,6,7,8,9,10,13,14,15,19,21,22,23,25	2
1,2,3,4,5,6,7,8,9,10,13,14,15,21,23,25	1
1,2,3,4,5,6,7,8,10,14,15,19,21,25	1
1,2,3,4,5,6,7,8,9,10,14,15,19,25	1
1,2,3,4,5,6,7,8,9,13,14,15,19,21,23,25	1
1,2,3,4,5,6,7,8,9,14,15,21,25	1
1,2,3,4,5,6,7,8,9,15,19,25	1
4,6,8,12,24	1
1,4,6,8,12,24	1
1,3,4,5,6,8,12,14,19,21,26,27,29,30	1
1,4,6,7,8,12,18	1
1,3,4,6,7,8,10,14,15,20,22,23,27	1
1,4,6,7,8,10,14,20,27	1
1,3,4,6,7,8,10,20,23	1
1,4,6,7,8,10,20	1
1,4,6,7,8,10,15,20,23	3
1,4,6,7,8,10,20,23	1
1,3,4,5,6,8,10,13	1
1,3,4,6,7,8,10	1
1,4,6,7,8,10	6
1,4,6,7,8,10,15	3
2,4,6	1662
1,2,3,4,5,6,7,9,13,15,20	1
1,2,3,4,5,6,7,13,20	1
1,2,3,4,5,6,7,13,20,23	1
1,2,3,4,5,6,13,20	3
1,2,3,4,5,6,20,22	1
1,2,3,4,5,6,7,20	2
1,2,3,4,5,6,7,20,23	1
1,2,3,4,5,6,16,20	1
1,2,3,4,5,6,9,20	1
1,2,3,4,5,6,9,20,23	1
2,3,4,5,6,20	4
1,2,3,4,5,6,20	17
1,2,4,5,6,20	2
1,2,3,4,6,20	3
1,2,4,6,20	1
2,4,6,13	4
1,2,4,5,6,13,14,22	1
1,2,3,4,5,6,13,22	2
1,2,3,4,6,13,22	1
1,2,4,6,13,22	1
1,2,3,4,5,6,7,9,13	2
2,4,5,6,7,13	1
1,2,3,4,5,6,7,13	16
1,2,4,5,6,7,13	2
1,2,3,4,5,6,13,16	1
1,2,3,4,5,6,9,13,19	2
2,4,5,6,9,13	4
1,2,3,4,5,6,9,13	27
1,2,3,4,5,6,9,13,18	1
1,2,4,5,6,9,13	5
1,2,3,4,6,9,13	1
1,2,3,4,6,9,13,23	1
1,2,3,4,5,6,13,14	1
1,2,3,4,5,6,13,19	19
1,2,3,4,6,13,19	1
2,4,5,6,13	16
2,3,4,5,6,13	5
1,2,3,4,5,6,13	259
1,2,3,4,5,6,13,18	2
1,2,3,4,5,6,13,15	1
1,2,3,4,5,6,13,23	1
1,2,4,5,6,13	50
2,3,4,6,13	1
1,2,3,4,6,13	99
1,2,3,4,6,13,23	1
1,2,4,6,13	51
2,4,6,22	2
1,2,3,4,5,6,7,22	1
1,2,4,6,7,22	1
1,2,3,4,5,6,22	2
1,2,3,4,6,22	12
1,2,4,6,22	3
2,4,6,24	4
2,3,4,6,7,24	1
1,2,3,4,6,7,24	2
2,3,4,6,24,26,28	1
1,2,4,6,24,26	2
1,2,3,4,5,6,24	1
2,3,4,6,24	1
1,2,3,4,6,24	2
1,2,4,6,24	1
2,4,6,27	2
1,2,3,4,6,27	5
2,4,6,7	3
1,2,3,4,5,6,7,9	6
1,2,3,4,5,6,7,9,18	2
1,2,4,5,6,7,9	3
1,2,4,5,6,7,9,18	1
1,2,3,4,5,6,7,15,19	1
2,4,5,6,7	7
2,3,4,5,6,7	2
1,2,3,4,5,6,7	35
1,2,3,4,5,6,7,18	10
1,2,3,4,5,6,7,15	1
1,2,3,4,5,6,7,23	1
1,2,4,5,6,7	14
2,3,4,6,7	3
1,2,3,4,6,7	32
1,2,3,4,6,7,18	2
1,2,3,4,6,7,23	1
1,2,4,6,7	37
1,2,4,6,7,18	1
1,2,3,4,5,6,9,16,19	3
1,2,3,4,5,6,9,16	4
1,2,3,4,5,6,16,19	55
1,2,3,4,5,6,16,18,19	9
2,4,5,6,16	10
2,3,4,5,6,16	2
1,2,3,4,5,6,16	703
1,2,3,4,5,6,16,18	34
1,2,4,5,6,16	21
2,4,5,6,16,18	1
1,2,3,4,6,16	1
2,4,6,21	1
2,4,5,6,9,21	1
1,2,4,5,6,21	2
1,2,3,4,6,21	2
1,2,3,4,5,6,9,19	4
2,4,5,6,9	15
2,3,4,5,6,9	10
1,2,3,4,5,6,9	114
1,2,3,4,5,6,9,18	9
1,2,4,5,6,9	21
1,2,4,5,6,9,18	1
2,4,5,6,9,18	1
2,3,4,6,9	1
1,2,3,4,6,9	22
1,2,3,4,6,9,23	2
1,2,4,6,9	2
1,2,4,6,28	1
1,2,3,4,5,6,14,23	2
1,2,3,4,6,14	1
1,2,3,4,5,6,19	47
1,2,3,4,5,6,18,19	1
2,3,4,6,19	1
1,2,3,4,6,19	304
1,2,4,6,19	2
2,4,6,26	4
1,2,3,4,6,26	1
1,2,4,6,26	3
2,4,5,6	173
2,3,4,5,6	103
1,2,3,4,5,6	1719
1,2,3,4,5,6,18	59
1,2,3,4,5,6,15	3
1,2,3,4,5,6,23	1
2,3,4,5,6,18	1
1,2,4,5,6	261
1,2,4,5,6,18	9
1,2,4,5,6,15	1
1,2,4,5,6,23	1
2,4,5,6,18	4
2,3,4,6	342
1,2,3,4,6	6200
1,2,3,4,6,18	32
1,2,3,4,6,23	3
1,2,4,6	1405
1,2,4,6,18	1
2,4,6,18	1
2,4,6,12	42
2,3,4,5,6,12,20	1
1,2,3,4,5,6,7,12,13	1
1,2,3,4,5,6,7,12,13,18	1
1,2,3,4,5,6,12,13	7
1,2,3,4,5,6,12,13,18	3
1,2,4,5,6,12,13	1
1,2,3,4,6,12,13	1
1,2,3,4,6,7,12,24	2
2,4,6,12,24,28	1
2,4,6,12,24,26,28	1
1,2,3,4,6,12,24	2
1,2,3,4,5,6,7,12,16	2
2,4,5,6,7,9,12	1
1,2,3,4,5,6,7,9,12	5
1,2,3,4,5,6,7,9,12,18	3
1,2,4,5,6,7,9,12	1
1,2,3,4,5,6,7,12,19	1
2,4,5,6,7,12	1
1,2,3,4,5,6,7,12	3
1,2,3,4,6,7,12	13
1,2,3,4,6,7,12,18	2
1,2,3,4,5,6,12,16,19	8
1,2,3,4,5,6,12,16,18,19	1
1,2,3,4,5,6,12,16	33
1,2,3,4,5,6,12,16,18	5
1,2,4,6,12,21	1
1,2,3,4,5,6,9,12	5
1,2,3,4,5,6,9,12,18	2
2,4,6,12,26,28	1
1,2,3,4,5,6,12,19	1
2,4,6,12,26	1
1,2,4,6,12,26	1
2,4,5,6,12	1
2,3,4,5,6,12	11
1,2,3,4,5,6,12	104
1,2,3,4,5,6,12,18	14
1,2,4,5,6,12	5
1,2,4,5,6,12,18	2
2,3,4,6,12	4
1,2,3,4,6,12	54
1,2,3,4,6,12,18	9
1,2,4,6,12	23
1,2,4,6,12,18	1
1,2,3,4,5,6,10,12,16,19	8
1,2,3,4,5,6,10,12,16,18,19	3
1,2,3,4,5,6,10,12,16	29
1,2,3,4,5,6,10,12,16,18	8
1,2,3,4,5,6,10,12,19	2
1,2,3,4,5,6,10,12	5
1,2,3,4,5,6,10,12,18	1
2,4,6,10	1
1,2,3,4,5,6,10,19,20	1
1,2,3,4,5,6,10,20	1
1,2,3,4,6,10,13,22	1
1,2,3,4,5,6,7,10,13,21	1
1,2,3,4,5,6,7,10,13	10
1,2,3,4,5,6,10,13,21	11
1,2,3,4,5,6,9,10,13	4
1,2,3,4,5,6,10,13	77
1,2,3,4,6,10,13	5
1,2,3,4,5,6,10,22,23	1
1,2,3,4,6,10,22	6
1,2,3,4,5,6,7,10,16,19	1
1,2,3,4,5,6,7,10,16	1
1,2,3,4,5,6,7,10,21	2
1,2,3,4,5,6,7,10	10
1,2,3,4,5,6,7,10,18	4
1,2,3,4,5,6,7,10,15	1
1,2,3,4,6,7,10	1
1,2,3,4,5,6,10,16,21	8
1,2,3,4,5,6,10,16,18,21	1
1,2,3,4,5,6,9,10,16,19	1
1,2,3,4,5,6,9,10,16	4
1,2,3,4,5,6,10,16,19	19
1,2,3,4,5,6,10,16,18,19	1
1,2,3,4,5,6,10,16	246
1,2,3,4,5,6,10,16,18	33
1,2,4,5,6,10,16	2
1,2,3,4,5,6,10,21	16
1,2,3,4,5,6,10,18,21	1
1,2,3,4,6,10,21	3
1,2,3,4,5,6,9,10	5
1,2,3,4,5,6,9,10,18	1
1,2,3,4,5,6,10,19	5
1,2,3,4,5,6,10	294
1,2,3,4,5,6,10,18	14
1,2,3,4,5,6,10,15	1
1,2,4,5,6,10	1
2,3,4,6,10	3
1,2,3,4,6,10	159
1,2,4,6,10	4
1,2,3,4,5,6,7,9,10,14,15,19,21,22,23,25	1
1,2,3,4,5,6,7,9,10,14,15,21,22,23,25	1
1,2,3,4,5,6,7,9,10,14,15,19,25	1
1,2,3,4,5,6,7,9,13,14,15,19,21,23,25	1
1,2,3,4,5,6,7,9,14,15,19,21,22,23,25	1
1,2,3,4,5,6,7,9,14,15,19,21,23,25	1
1,2,3,4,5,6,9,15,25	1
1,2,3,4,6,15,25	1
4,6,12	29
1,4,6,7,12,13	1
1,3,4,5,6,12,13	1
1,3,4,5,6,12,13,18	1
4,6,12,24	2
1,3,4,6,7,12,24	1
1,4,6,12,24,28	1
4,6,12,24,26	1
4,6,12,27	2
4,6,7,12	1
1,4,6,7,12	2
3,4,6,12,28	2
3,4,6,12,26	1
1,3,4,5,6,12	1
3,4,6,12	1
1,3,4,6,12	1
1,4,6,12	9
1,4,6,12,18	1
4,6,10	1188
1,3,4,6,10,13,22	3
1,4,6,10,13,22	1
1,4,6,7,10,13,21	2
1,3,4,5,6,7,10,13	1
1,3,4,5,6,10,13	5
1,3,4,5,6,10,13,18	1
1,3,4,6,10,13	32
1,4,6,10,13	1
3,4,6,10,22	2
1,3,4,6,10,22	39
1,3,4,6,10,27	1
1,3,4,5,6,7,10	2
1,4,6,7,10	2
1,3,4,5,6,10,16	1
1,4,6,10,21	1
1,3,4,6,10,14	1
1,3,4,5,6,10	2
3,4,6,10	29
1,3,4,6,10	327
1,4,6,10	16
1,3,4,5,6,7,9,14,15,19,21,25	1
6,8	893
6,8,20	1
1,6,8,13,20	1
1,6,7,8,14,20,22,23	1
1,3,6,7,8,15,20,22,23	1
1,3,6,7,8,20,22,23	1
1,6,7,8,14,20,27	1
1,6,7,8,14,20	1
1,6,7,8,14,15,20,23	1
1,3,6,7,8,20	2
1,6,7,8,20	15
1,6,7,8,15,20	4
1,6,7,8,15,20,23	1
1,6,7,8,20,23	4
6,7,8,15,20,23	1
6,7,8,20,23	2
1,6,8,14,20	1
1,6,8,14,20,23	1
1,3,6,8,20	1
1,6,8,20	26
1,6,8,15,20	6
1,6,8,15,20,23	1
1,6,8,20,23	1
6,8,13	1
1,6,7,8,13,15	1
5,6,8,13	1
1,3,5,6,8,13	1
1,6,8,13	12
1,6,8,13,15,23	1
1,5,6,7,8,22	1
1,6,8,14,22,23	1
1,6,8,22	10
1,6,8,22,23	1
6,8,27	1
1,3,6,8,14,27	1
1,6,8,14,23,27	1
1,3,6,8,27	1
6,7,8	174
1,6,7,8,9	1
1,6,7,8,14,23	1
6,7,8,14,23	2
5,6,7,8	1
3,6,7,8	1
1,3,6,7,8	7
1,3,6,7,8,15	1
1,6,7,8	117
1,6,7,8,15	18
1,6,7,8,15,23	3
1,6,7,8,23	10
6,7,8,15	3
6,7,8,15,23	1
6,7,8,23	1
6,8,29	1
6,8,28	1
1,6,8,14	4
1,6,8,14,23	10
6,8,26	2
1,6,8,26	1
1,3,5,6,8	2
1,5,6,8	3
3,6,8	17
1,3,6,8	77
1,3,6,8,15	8
1,3,6,8,23	3
3,6,8,23	1
1,6,8	2570
1,6,8,18	1
1,6,8,15	93
1,6,8,15,23	1
1,6,8,23	15
6,8,15	10
6,8,23	7
2,6,8	138
1,2,3,5,6,7,8,14,20,22,23	1
1,2,3,5,6,7,8,20,22,23	1
1,2,3,5,6,7,8,14,20,27	1
1,2,3,5,6,7,8,20,27	1
1,2,3,5,6,7,8,20	5
1,2,3,5,6,7,8,15,20	6
1,2,3,5,6,7,8,20,23	6
1,2,3,6,7,8,20	2
1,2,3,6,7,8,15,20,23	1
1,2,3,6,7,8,20,23	1
1,2,3,5,6,8,15,20,23	1
1,2,3,5,6,7,8,13	1
1,2,3,6,8,13	2
1,2,6,8,13	1
1,2,3,5,6,8,22,23	1
1,2,6,8,22	9
2,6,8,24,28	1
1,2,3,5,6,7,8,9,15,21,27	1
1,2,3,6,7,8,27	1
1,2,6,7,8,27	3
1,2,3,6,8,27	4
1,2,3,6,8,15,27	1
1,2,6,8,27	12
2,6,7,8	9
1,2,3,5,6,7,8,9	22
1,2,3,5,6,7,8,9,23	1
1,2,5,6,7,8,9	1
1,2,3,6,7,8,9	1
1,2,3,5,6,7,8,14	1
1,2,5,6,7,8,14,15	1
2,5,6,7,8	1
1,2,3,5,6,7,8	28
1,2,3,5,6,7,8,15	8
1,2,3,5,6,7,8,15,23	2
1,2,3,5,6,7,8,23	4
1,2,5,6,7,8	5
1,2,5,6,7,8,15	1
2,3,6,7,8	2
1,2,3,6,7,8	25
2,3,6,7,8,15	1
1,2,6,7,8	62
2,3,5,6,8,9	1
1,2,3,5,6,8,9	1
1,2,3,5,6,8,9,23	1
1,2,5,6,8,9	2
1,2,3,5,6,8,14,23	1
1,2,3,5,6,8	16
1,2,3,5,6,8,15	5
1,2,3,5,6,8,23	4
1,2,5,6,8	3
2,3,6,8	71
1,2,3,6,8	360
1,2,3,6,8,15	29
1,2,3,6,8,23	2
2,3,6,8,15	1
1,2,6,8	790
1,2,6,8,15	42
2,6,8,15	1
2,6,8,12	1
2,6,8,12,24	1
2,6,8,12,24,28	1
1,2,6,8,12,24	1
1,2,3,6,8,12,27,28	1
2,6,8,12,26	1
1,2,6,8,12,26	1
1,2,3,6,8,12	1
1,2,3,5,6,7,8,10,14,15,20,22,23,27	1
1,2,3,6,7,8,10,15,20,21,23	1
1,2,3,5,6,7,8,9,10,15,20,23	1
1,2,3,5,6,7,8,10,20	4
1,2,3,5,6,7,8,10,15,20	1
1,2,3,5,6,7,8,10,15,20,23	7
1,2,3,5,6,7,8,10,20,23	1
1,2,3,6,7,8,10,20	2
1,2,3,6,7,8,10,20,23	1
1,2,3,5,6,8,9,10,15,20	1
1,2,3,5,6,7,8,9,10	9
1,2,3,5,6,7,8,10	7
1,2,3,5,6,7,8,10,15	1
1,2,3,5,6,7,8,10,23	1
1,2,3,6,7,8,10	2
1,2,3,6,7,8,10,23	2
1,2,3,5,6,8,9,10,14	1
1,2,3,5,6,8,9,10,15	1
1,2,3,5,6,8,10	1
1,2,3,5,6,7,8,9,10,13,14,15,20,21,23,25	1
1,2,3,5,6,7,8,9,10,14,15,20,21,22,23,25	2
1,2,3,5,6,7,8,9,10,14,15,20,21,23,25	2
1,2,3,5,6,7,8,10,14,15,20,21,23,25	1
1,2,3,5,6,7,8,9,10,14,15,20,25	1
1,2,3,5,6,7,8,9,10,14,15,21,22,23,25	1
1,2,3,5,6,7,8,10,14,15,21,22,25	1
1,2,3,5,6,7,8,10,14,15,21,22,23,25	1
1,2,3,5,6,7,8,9,10,14,15,21,23,25	1
1,2,3,5,6,7,8,10,14,15,21,23,25	2
1,2,3,5,6,7,8,10,15,21,23,25	1
1,2,3,5,6,7,8,9,14,15,20,21,22,23,25	2
1,2,3,5,6,7,8,9,14,15,20,21,23,25	1
1,2,3,5,6,7,8,9,14,15,21,22,25	1
1,2,3,5,6,7,8,14,15,21,22,23,25	1
1,2,3,5,6,7,8,9,14,15,21,23,25	1
1,2,3,5,6,7,8,14,15,21,25	1
1,2,3,5,6,7,8,9,15,19,25	1
2,3,6,7,8,23,25	1
1,2,3,5,6,8,9,25	1
1,2,3,5,6,8,25	1
1,2,3,5,6,8,15,25	1
6,8,12	7
6,8,12,24	3
6,8,12,24,28	2
6,8,12,24,26	1
6,8,12,27,28	1
6,8,12,28	1
6,8,12,26	1
1,6,8,12	4
6,8,10	3
1,6,7,8,10,13,20	1
6,7,8,10,20	2
1,6,7,8,10,14,15,20,23	1
1,3,6,7,8,10,15,20,23	1
1,3,6,7,8,10,20,23	1
1,6,7,8,10,20	6
1,6,7,8,10,15,20	3
1,6,7,8,10,15,20,23	7
1,6,7,8,10,20,23	3
6,7,8,10,20,23	1
1,6,8,10,20	3
1,6,8,10,15,20	1
6,8,10,15,20	1
1,6,7,8,10,14,22,23	1
1,6,7,8,10,22	1
6,7,8,10	5
1,6,7,8,10	19
1,6,7,8,10,15	7
1,6,7,8,10,23	4
1,3,6,8,10,15	1
1,6,8,10	43
1,6,8,10,15	5
1,6,8,10,23	2
6,8,10,23	1
1,6,7,8,10,14,15,23,25	1
2,6	4027
1,2,3,5,6,7,9,15,20,22	1
1,2,3,5,6,7,20	3
1,2,3,5,6,7,15,20,23	1
1,2,3,5,6,7,20,23	1
2,3,5,6,20	5
1,2,3,5,6,20	6
1,2,3,6,20	4
2,6,13	4
2,5,6,9,13	1
1,2,5,6,9,13	1
2,5,6,13	11
2,3,5,6,13	1
1,2,3,5,6,13	3
1,2,5,6,13	1
1,2,3,6,13	3
1,2,6,13	5
2,6,22	8
1,2,5,6,14,22,27	1
1,2,6,22,27	1
1,2,5,6,7,9,22	1
1,2,6,7,22	1
1,2,5,6,14,22	1
1,2,3,5,6,22	3
1,2,3,5,6,22,23	1
1,2,5,6,22	1
2,3,6,22	1
1,2,3,6,22	5
1,2,3,6,22,23	1
1,2,6,22	8
2,6,24	5
1,2,3,6,7,24	1
2,6,9,24	1
1,2,3,5,6,24	1
2,3,6,24	7
1,2,3,6,24	1
1,2,3,6,18,24	1
1,2,6,24	1
2,6,27	2
2,5,6,27	1
2,3,6,27	1
1,2,3,6,27	3
1,2,6,27	4
2,6,7	17
2,5,6,7,9	2
1,2,3,5,6,7,9	6
1,2,3,5,6,7,9,18	1
1,2,3,5,6,7,9,15	1
1,2,5,6,7,9	3
1,2,5,6,7,14	1
1,2,3,6,7,14	1
2,5,6,7	10
1,2,3,5,6,7	13
1,2,3,5,6,7,15,23	1
1,2,3,5,6,7,23	2
1,2,5,6,7	5
2,5,6,7,18	1
2,5,6,7,23	1
2,3,6,7	7
1,2,3,6,7	8
1,2,6,7	41
2,5,6,16	6
1,2,3,5,6,16	15
1,2,5,6,16	9
2,6,21	2
1,2,3,6,21	1
1,2,6,21	1
2,6,9	2
2,5,6,9	65
2,3,5,6,9	13
1,2,3,5,6,9	25
2,3,5,6,9,18	1
1,2,5,6,9	19
1,2,5,6,9,18	1
2,5,6,9,18	1
2,3,6,9	3
1,2,6,9	1
2,6,28	1
1,2,3,6,26,28	1
1,2,6,28	1
1,2,3,5,6,14	1
1,2,3,5,6,14,23	2
1,2,3,6,14	1
2,6,19	1
1,2,3,5,6,19	3
2,3,6,19	3
1,2,3,6,19	8
2,6,26	5
2,3,6,26	1
1,2,3,6,26	1
1,2,6,26	1
2,5,6	213
2,3,5,6	787
1,2,3,5,6	302
1,2,3,5,6,18	3
1,2,3,5,6,23	3
1,2,5,6	129
1,2,5,6,18	1
2,5,6,18	1
2,3,6	1325
1,2,3,6	810
1,2,3,6,18	2
1,2,3,6,23	4
1,2,6	939
1,2,6,18	4
1,2,6,15	2
1,2,6,23	1
2,6,18	4
2,6,12	22
1,2,3,5,6,12,22	1
2,6,7,12,24	1
2,5,6,9,12,24	1
2,3,6,12,24	1
1,2,6,12,24	1
2,6,12,27	1
2,6,7,12	1
1,2,3,5,6,7,9,12	1
2,5,6,7,12	1
2,3,6,7,12	2
1,2,3,6,7,12	1
1,2,6,7,12	1
2,6,12,21,29	1
1,2,3,5,6,9,12	1
1,2,5,6,9,12,18	1
2,6,12,26	4
2,5,6,12	1
2,3,5,6,12	70
1,2,3,5,6,12	11
1,2,3,5,6,12,18	1
1,2,5,6,12	2
2,3,6,12	62
1,2,3,6,12	4
1,2,6,12	10
1,2,3,5,6,10,12,16	1
2,6,10	1
1,2,3,5,6,7,10,20,23	1
1,2,3,6,7,10,20	1
1,2,3,5,6,10,20	2
1,2,3,6,10,20	1
2,3,6,10,20,23	1
1,2,3,5,6,7,9,10,22	1
2,3,6,10,22	1
1,2,3,6,10,22	3
1,2,3,5,6,7,9,10,21	1
1,2,3,5,6,7,9,10	2
1,2,3,5,6,7,10	6
1,2,3,5,6,7,10,18	1
1,2,3,6,7,10	1
1,2,3,5,6,9,10,16	1
1,2,3,5,6,10,16	7
2,6,10,21	1
1,2,6,10,21	1
1,2,3,5,6,9,10,23	1
1,2,3,5,6,10	17
1,2,3,5,6,10,18	1
2,3,6,10	5
1,2,3,6,10	19
1,2,3,6,10,18	1
1,2,6,10	1
1,2,3,5,6,7,9,10,14,15,20,21,22,23,25	1
1,2,3,5,6,7,9,10,14,15,20,21,23,25	1
1,2,3,5,6,7,9,10,14,15,21,22,23,25	1
1,2,3,5,6,7,9,10,14,15,21,23,25	2
1,2,3,5,6,7,10,14,15,21,23,25	1
1,2,3,5,6,7,10,14,15,23,25	1
1,2,3,5,6,7,9,14,15,21,22,23,25	1
1,2,3,5,6,7,9,14,15,22,25	1
1,2,3,5,6,7,9,14,15,21,23,25	1
2,5,6,9,14,25	1
6,12	97
6,12,24	14
6,12,24,27	1
6,7,12,24	22
1,3,6,7,12,24	1
1,6,7,12,24	38
1,6,7,12,18,24	6
6,7,12,18,24	1
3,6,12,24,28	1
1,6,12,24,28	1
6,12,24,26	1
3,6,12,24	1
1,3,6,12,24	1
6,7,12	144
1,6,7,12,16,19	25
1,6,7,12,16,18,19	5
1,6,7,12,16	28
1,6,7,12,16,18	2
6,7,12,19	2
1,6,7,12,19	2
3,6,7,12	3
1,3,6,7,12	5
1,3,6,7,12,18	3
1,6,7,12	158
1,6,7,12,18	32
6,7,12,18	7
6,12,26	2
5,6,12	2
3,6,12	12
1,3,6,12	1
3,6,12,18	3
1,6,12	14
1,6,7,10,12,16,19,20	1
1,6,7,10,12,16,19	34
1,6,7,10,12,16,18,19	10
1,6,7,10,12,16	12
1,6,7,10,12,16,18	1
6,7,10,12,19	1
6,10	530
6,10,20	3
1,6,7,10,16,20	1
1,6,7,10,15,20	2
1,6,7,10,15,20,23	1
1,6,10,16,20	1
1,3,6,10,20	1
1,6,10,20	2
6,10,20,23	1
6,10,13	4
6,10,13,22	10
1,6,10,13,22	60
3,6,10,13	2
1,6,10,13	13
6,10,22	45
1,6,10,14,22,23,27	1
1,6,7,10,14,15,22	1
1,6,7,10,22	2
3,6,10,22	1
1,3,6,10,22	22
1,6,10,22	23
1,6,10,22,23	1
1,6,10,27	1
6,7,10	5
1,6,7,10,16,19	24
1,6,7,10,16,18,19	1
1,6,7,10,16	4
1,6,7,10,16,18	1
1,6,7,10,19,21	1
1,3,6,7,10,21	1
1,6,7,10,21	2
6,7,10,14,23	1
1,3,6,7,10,19	1
1,6,7,10,19	4
1,3,6,7,10	2
1,6,7,10	40
1,6,7,10,18	5
1,6,10,16,19,21	4
1,3,6,10,16,21	2
1,6,10,16,21	9
1,6,10,16,18,21	2
1,6,10,16,19	154
1,6,10,16,18,19	26
1,3,6,10,16	2
1,6,10,16	234
1,6,10,16,18	17
6,10,21	9
1,3,6,10,21	2
1,6,10,21	19
1,3,6,9,10	3
1,6,9,10	5
6,10,14	1
6,10,19	2
1,6,10,19	17
1,6,10,18,19	1
1,3,5,6,10,18	1
3,6,10	57
1,3,6,10	104
1,3,6,10,18	2
1,6,10	841
1,6,10,18	6
1,6,10,23	1
6,10,18	2
6,25	1
1,3,5,6,7,9,14,15,22,25	1
6,15,22,25	1
5,6,9,25	2
6,14,25	1
1,6,15,25	8
28	41296
14,28	85
14,26,28	19
14,26,28,30	59
3,14,26,28,30	2
1,14,26,28	2
14,28,30	41
3,14,28,30	1
26,28	22
26,28,30	26
28,30	66
5,28	144
3,28	1
1,3,28	1
1,28	98
14	89093
14,26	1562
14,26,30	1340
3,14,26,30	7
1,3,14,26,30	1
1,14,26,30	30
3,14,26	14
1,3,14,26	1
1,14,26	26
14,30	7080
3,14,30	3
1,14,30	58
1,5,14	1
3,14	9
1,3,14	2
1,14	67
1,14,23	1
19	798
5,19	7
1,3,5,19	10
1,5,19	6
3,19	1132
1,3,19	5420
1,3,18,19	49
1,19	10129
1,18,19	14
1,15,19	13
18,19	11
15,19	9
26	19553
26,30	6388
1,26,30	9
5,26	1
1,3,5,26	4
3,26	23
1,3,26	7
1,26	384
30	13307
5,30	6
3,30	1
1,30	100
5	426
3,5	170286
1,3,5	129128
1,3,5,18	2
1,3,5,15	11
1,3,5,23	7
3,5,18	2
1,5	1302367
1,5,18	21
1,5,15	4
5,18	127
5,15	1
5,23	1
3	67803
1,3	4961359
1,3,18	7980
1,3,15	67
1,3,23	9
3,18	255
3,15	59
3,23	1
1	63294
1,18	5505
1,15	197
1,23	186
18	31
15	2
15,23	1
17	699
17,20	1
1,17,20	1
13,17	5
5,13,17	4
1,13,17	3
14,17,27	1
1,14,17,27	3
7,17	74
5,7,9,17	4
1,3,5,7,9,15,17	1
1,5,7,9,17	1
5,7,17	2
3,5,7,17	1
1,5,7,17	1
1,5,7,15,17	1
5,7,15,17	1
3,7,17	17
1,7,17	3
17,21	1
5,9,17	1
17,28	25
14,17	1
1,14,17	7
17,19	8
3,17,19	1
1,17,19	10
1,15,17,19	1
5,17	133
3,5,17	9
1,3,5,17	1
1,3,5,15,17	1
3,17	464
1,3,17	7
1,3,17,18	1
1,3,15,17	1
3,15,17	1
1,17	513
1,15,17	108
17,18	1
15,17	10
4,17	14427
1,4,14,17,27	2
4,7,17	2
1,4,7,15,17,19	1
4,5,7,17	1
1,3,4,5,7,17	2
1,4,5,7,15,17	1
1,4,5,9,15,17,19	1
4,14,17	1
1,4,14,17	1
1,4,15,17,19	62
4,15,17,19	1
3,4,17	54
1,3,4,17	4
1,4,17	370
4,8,17	2
1,3,4,5,8,13,17	1
1,3,4,7,8,15,17,19	1
1,4,7,8,15,17,19	5
1,4,7,8,17	1
1,3,4,8,17	1
1,4,8,17	11
2,4,8,17	98
1,2,3,4,5,8,13,17,20	2
1,2,3,4,5,7,8,9,13,14,15,17,19,21,22	1
1,2,3,4,5,8,9,13,17	1
1,2,3,4,5,8,13,17	55
1,2,4,5,8,13,17	3
1,2,4,5,7,8,9,17,27	1
2,4,7,8,17	4
2,4,5,7,8,9,17	3
1,2,4,5,7,8,9,15,17	2
1,2,3,4,7,8,15,17,19	2
2,4,5,7,8,17	1
1,2,3,4,5,7,8,17	2
1,2,4,5,7,8,15,17	1
1,2,3,4,7,8,17	2
1,2,3,4,5,8,9,17	1
1,2,3,4,8,15,17,19	1
1,2,4,8,15,17,19	1
2,4,5,8,17	1
1,2,3,4,5,8,17	58
1,2,4,5,8,17	2
2,3,4,8,17	6
1,2,3,4,8,17	187
1,2,4,8,17	60
1,2,3,4,5,7,8,9,10,13,14,15,17,19,20,21,22,25	1
1,2,3,4,5,7,8,9,10,13,14,15,17,19,21,22,25	1
1,2,3,4,5,7,8,9,13,14,15,17,19,21,22,25	1
1,2,3,4,5,7,8,9,13,15,17,19,21,23,25	1
1,2,4,7,8,15,17,19,25,27	1
1,2,3,4,5,7,8,9,14,15,17,25	1
1,2,3,4,7,8,15,17,19,25	2
1,2,4,7,8,15,17,19,25	4
1,4,7,8,14,15,17,20,25	1
1,3,4,5,7,8,9,13,14,15,17,19,25	1
1,4,7,8,15,17,19,25,27	1
1,4,7,8,14,15,17,23,25	1
1,4,5,7,8,15,17,19,25	1
1,3,4,7,8,15,17,19,25	1
1,4,7,8,15,17,19,25	3
2,4,17	505
1,2,4,5,7,9,13,17,22	1
2,4,5,13,17	1
2,3,4,5,13,17	1
1,2,3,4,5,13,17	25
1,2,4,5,13,17	2
1,2,3,4,13,17	1
2,4,5,17,22	1
2,4,7,17	5
2,4,5,7,9,17	5
1,2,4,5,7,9,17	3
1,2,4,5,7,9,15,17	3
2,4,5,7,17	1
1,2,4,5,7,17	1
1,2,4,5,7,15,17	1
1,2,3,4,7,17	1
1,2,3,4,5,9,17	2
1,2,3,4,15,17,19	13
1,2,4,15,17,19	17
2,4,5,17	14
2,3,4,5,17	11
1,2,3,4,5,17	16
1,2,3,4,5,17,18	1
1,2,4,5,17	8
2,3,4,17	39
1,2,3,4,17	76
2,3,4,17,18	1
1,2,4,17	86
1,2,3,4,5,7,9,10,15,17,19	1
1,2,3,4,5,7,9,10,13,14,15,17,19,20,21,22,23,25	1
1,2,3,4,5,7,9,10,14,15,17,19,21,22,23,25	1
1,2,3,4,5,7,9,10,14,15,17,19,25	2
1,2,3,4,5,7,9,14,15,17,19,22,25	1
1,2,4,7,15,17,19,25,27	1
1,2,3,4,7,15,17,19,25	3
1,2,4,7,15,17,19,25	10
1,2,3,4,15,17,19,25	1
1,4,7,10,14,15,17,20,23,25	1
1,4,7,10,14,15,17,19,22,25	1
1,4,7,15,17,19,25,27	1
1,4,7,15,17,19,25	12
8,17	2528
1,8,17,20	2
1,8,13,17	5
1,7,8,14,15,17,19,22	1
7,8,17	145
1,5,7,8,9,17	1
1,5,7,8,9,15,17	1
3,7,8,17	17
1,3,7,8,15,17	1
1,7,8,17	13
7,8,15,17	1
5,8,9,17	1
1,8,15,17,19	2
3,8,17	50
1,3,8,17	9
1,8,17	3097
1,8,15,17	2
8,15,17	1
2,8,17	1
1,2,3,5,7,8,9,14,15,17,20	1
1,2,5,7,8,17,22,27	1
1,2,5,7,8,9,17,22	1
1,2,5,7,8,9,15,17,22	1
1,2,5,7,8,17,22	1
1,2,5,7,8,9,17,27	1
2,7,8,17	2
2,5,7,8,9,17	4
1,2,3,5,7,8,9,15,17	1
1,2,5,7,8,9,17	1
1,2,5,7,8,9,15,17	5
2,5,7,8,17	3
1,2,5,7,8,17	1
1,2,5,7,8,15,17	5
2,3,7,8,17	2
1,2,3,7,8,17	3
1,2,3,7,8,15,17	1
1,2,7,8,17	3
1,2,5,8,17	1
2,3,8,17	5
1,2,3,8,17	197
1,2,8,17	192
1,2,3,5,7,8,9,10,14,15,17,20	1
1,2,3,5,7,8,9,10,17	2
1,2,3,5,7,8,9,10,14,15,17,20,21,22,23,25	1
1,2,3,7,8,10,14,15,17,20,21,22,23,25	1
1,2,3,5,7,8,9,10,14,15,17,21,22,23,25	1
1,2,3,7,8,10,14,15,17,25	1
1,2,3,5,7,8,9,14,15,17,20,21,25	1
1,2,3,5,7,8,9,15,17,20,25	1
1,2,3,5,7,8,9,14,15,17,21,22,25	1
1,2,3,5,7,8,9,14,15,17,21,22,23,25	1
1,2,3,7,8,15,17,25,27	1
1,2,7,8,15,17,25,27	1
1,2,3,5,7,8,9,14,15,17,21,25	1
1,2,3,5,7,8,9,14,15,17,21,23,25	1
1,2,3,5,7,8,9,15,17,25	1
1,2,5,7,8,15,17,25	1
1,2,3,7,8,15,17,25	6
1,2,7,8,15,17,25	8
1,8,12,17	2
1,7,8,10,17	1
1,7,8,10,14,15,17,20,22,23,25	1
1,7,8,10,14,15,17,19,22,23,25	1
1,7,8,10,14,15,17,22,23,25	1
1,3,7,8,15,17,25,27	1
1,7,8,15,17,25,27	3
1,7,8,14,15,17,25	1
1,3,7,8,15,17,25	2
1,7,8,15,17,25	15
2,17	308
1,2,3,17,20	1
1,2,3,5,9,13,17	1
2,5,13,17	1
2,3,13,17	1
1,2,5,7,9,17,22,27	1
1,2,5,7,9,17,22	1
2,5,7,17,22	1
1,2,5,17,22	1
1,2,5,7,14,17,27	1
2,7,17	9
2,5,7,9,17	10
1,2,3,5,7,9,17	5
1,2,5,7,9,17	3
1,2,5,7,9,15,17	4
2,5,7,9,15,17	1
1,2,5,7,14,17	1
2,5,7,17	9
1,2,3,5,7,17	1
1,2,5,7,15,17	13
2,3,7,17	13
1,2,3,7,17	1
1,2,7,17	1
1,2,7,15,17	4
1,2,3,5,9,17,19	1
2,5,9,17	1
1,2,3,5,9,15,17	1
1,2,5,9,17	4
1,2,5,9,15,17	1
2,3,17,19	1
1,2,17,19	15
2,5,17	80
2,3,5,17	1221
1,2,3,5,17	12
1,2,5,17	2
1,2,5,15,17	1
2,5,15,17	1
2,3,17	1115
1,2,3,17	28
1,2,3,15,17	11
1,2,17	111
1,2,15,17	21
2,15,17	4
1,2,3,10,17	1
1,2,3,5,7,9,10,14,15,17,20,21,22,23,25	1
1,2,3,7,10,14,15,17,20,21,22,23,25	1
1,2,3,5,7,10,14,15,17,21,22,23,25	1
1,2,3,5,7,14,15,17,20,21,23,25	1
2,7,17,25	1
1,2,3,5,7,9,14,15,17,21,25	1
1,2,3,5,7,9,14,15,17,25	1
1,2,3,5,7,9,15,17,25	1
1,2,7,14,15,17,25	1
1,2,3,5,7,15,17,25	1
1,2,3,7,15,17,25	7
2,3,7,15,17,25	1
1,2,7,15,17,25	6
12,17	1
10,17	1
1,7,10,14,15,17,19,20,22,25	1
1,3,7,10,14,15,17,22,25	1
1,7,10,14,15,17,22,23,25	1
1,7,10,14,15,17,19,25	1
1,7,10,14,15,17,25	1
1,7,14,15,17,19,22,25	1
1,7,14,15,17,22,25	1
1,7,15,17,25,27	2
1,7,15,17,25	17
23	2
4	26119
4,20	9
4,13,20	1
3,4,5,13,20	1
1,3,4,5,13,20	339
1,4,5,13,20	1
3,4,13,20	5
1,3,4,13,20	13
1,4,13,20	3
1,4,16,20	1
3,4,5,20	4
1,3,4,5,20	690
1,4,5,20	4
3,4,20	26
1,3,4,20	100
1,4,20	23
4,13	95358
4,13,22	36
1,4,5,13,22	2
1,3,4,13,22	21
1,4,13,22	438
4,5,9,13,24	1
1,3,4,13,27	1
4,7,13	311
4,7,9,13	1
1,3,4,5,7,9,13	1
1,4,5,7,9,13	1
3,4,7,9,13	2
1,3,4,5,7,13	2
1,3,4,5,7,13,18	1
1,4,5,7,13	1
1,4,13,16,21	1
4,5,13,16	2
3,4,5,13,16	1
1,3,4,5,13,16	1
1,4,5,13,16	2
4,5,13,21	5
1,4,13,21	2
4,9,13	10
1,3,4,5,9,13,19	1
4,5,9,13	56
3,4,5,9,13	15
1,3,4,5,9,13	119
1,3,4,5,9,13,18	1
1,4,5,9,13	47
3,4,9,13	21
1,3,4,9,13	5
1,4,9,13	8
4,13,19	5
1,3,4,5,13,19	26
3,4,13,19	1
1,3,4,13,19	24
1,4,13,19	75
1,3,4,5,13,26	7
4,5,13	967
3,4,5,13	715
1,3,4,5,13	33097
1,4,5,13	3305
1,4,5,13,15	1
3,4,13	7185
1,3,4,13	23575
1,4,13	10509
4,22	250
1,4,9,22	1
3,4,22	19
1,3,4,22	437
1,3,4,15,22	1
1,3,4,22,23	1
1,4,22	148
4,24	393
4,14,24,26,27,30	1
1,4,5,7,24	1
1,3,4,7,24	1
4,24,29	1
4,24,26,29	2
1,3,4,5,9,24	2
1,4,5,9,24	1
4,24,28	2
4,14,24	1
4,14,24,26	1
4,14,24,26,30	1
4,24,26	4
4,5,24	1
3,4,24	5
1,4,24	12
4,27	72
4,27,28	1
1,4,14,27	3
3,4,27	13
1,3,4,27	53
1,4,27	5
4,7	3508
4,7,21	1
3,4,7,9,21	2
4,7,9	4
4,5,7,9	3
3,4,5,7,9	1
1,3,4,5,7,9	1
1,4,5,7,9	1
3,4,7,9	43
1,4,7,15,19	1
4,5,7	54
3,4,5,7	4
1,3,4,5,7	8
1,3,4,5,7,18	1
1,4,5,7	12
4,5,7,18	1
3,4,7	83
1,3,4,7	19
1,3,4,7,18	1
1,4,7	183
1,4,7,18	1
1,4,7,15	1
1,4,7,15,23	1
4,7,18	2
4,16	41135
4,16,21	1
4,5,16,21	3
1,4,5,16,21	1
1,4,16,21	4
4,5,9,16	12
1,3,4,5,9,16	3
1,4,5,9,16	1
3,4,5,16,19	1
1,3,4,5,16,19	2
1,4,16,19	1
4,5,16	1141
3,4,5,16	90
1,3,4,5,16	106
1,3,4,5,16,18	1
1,4,5,16	258
1,4,5,16,18	1
4,5,16,18	1
3,4,16	19
1,3,4,16	47
1,4,16	137
1,4,16,18	2
4,21	253
1,4,21,29	1
4,9,21	3
4,5,9,21	4
3,4,9,21	14
4,5,21	98
1,3,4,5,21	1
1,4,5,21	2
3,4,21	29
1,3,4,21	15
1,4,21	244
4,29	11
3,4,28,29	1
4,14,29	2
4,29,30	2
1,4,29	1
4,9	405
1,3,4,5,9,19	2
4,5,9	1062
3,4,5,9	119
1,3,4,5,9	448
1,4,5,9	275
1,4,5,9,18	5
4,5,9,18	1
3,4,9	3288
1,3,4,9	11
1,4,9	36
4,28	42
1,4,14,26,28,30	1
1,4,28	1
4,14	6
4,14,26	3
4,14,26,30	5
4,14,30	4
1,4,14	3
4,19	7553
1,3,4,5,19	74
1,4,5,19	2
1,4,5,15,19	1
3,4,19	2488
1,3,4,19	6523
1,3,4,18,19	1
1,3,4,15,19	2
1,4,19	2942
1,4,15,19	45
4,18,19	1
4,26	30
4,26,30	3
1,3,4,5,26	13
3,4,26	16
1,3,4,26	344
1,4,26	3
4,30	17
4,5	23214
3,4,5	4656
1,3,4,5	259564
1,3,4,5,18	2
1,3,4,5,15	1
3,4,5,18	1
1,4,5	19791
1,4,5,18	11
4,5,18	25
3,4	814535
1,3,4	1465968
1,3,4,18	33
1,3,4,15	35
1,3,4,23	2
3,4,18	24
3,4,15	8
1,4	1057594
1,4,18	49
1,4,15	32
1,4,23	3
4,18	1269
4,15	23
4,23	2
4,8	41154
1,3,4,5,8,13,20	1
1,3,4,7,8,20	1
1,4,7,8,20	1
1,3,4,5,8,20	1
4,8,13	134
1,3,4,5,7,8,9,13	1
4,5,7,8,13	1
1,3,4,5,8,9,13	2
4,5,8,13	14
3,4,5,8,13	8
1,3,4,5,8,13	208
1,3,4,5,8,13,23	1
1,4,5,8,13	25
3,4,8,13	35
1,3,4,8,13	21
1,4,8,13	122
4,8,24	2
4,7,8	32
1,4,5,7,8,9,15	1
1,3,4,5,7,8,15,19	1
1,4,7,8,15,19	5
4,5,7,8	1
1,3,4,5,7,8	6
1,4,5,7,8	3
3,4,7,8	14
1,3,4,7,8	8
1,4,7,8	46
1,4,7,8,23	1
4,7,8,15	1
4,5,8,9	1
3,4,5,8,9	3
1,3,4,5,8,9	7
1,4,5,8,9	3
1,4,8,9	1
1,3,4,5,8,15,19	1
4,5,8,15,19	1
1,3,4,8,15,19	2
1,4,8,19	1
1,4,8,15,19	3
1,3,4,8,26	3
4,5,8	82
3,4,5,8	23
1,3,4,5,8	179
1,4,5,8	136
3,4,8	24139
1,3,4,8	17724
1,3,4,8,15	1
1,4,8	21168
1,4,8,18	1
1,4,8,15	3
1,4,8,23	1
2,4,8	75297
2,4,8,20	27
2,4,8,13,20	1
1,2,3,4,5,7,8,9,13,20	1
1,2,3,4,5,7,8,13,20	7
1,2,3,4,5,7,8,13,20,23	2
1,2,3,4,5,8,9,13,20	3
1,2,3,4,5,8,13,14,20,23	1
2,3,4,5,8,13,20	1
1,2,3,4,5,8,13,20	85
1,2,3,4,5,8,13,15,20	1
1,2,3,4,5,8,13,20,23	2
1,2,3,4,5,8,14,20,27	1
2,4,7,8,20	2
1,2,3,4,5,7,8,20	2
1,2,3,4,5,8,9,20	2
1,2,3,4,5,8,20	23
1,2,3,4,5,8,15,20	1
1,2,3,4,5,8,20,23	1
1,2,3,4,8,20	31
2,4,8,13	416
1,2,4,5,7,8,13,22	2
1,2,3,4,5,8,9,13,27	1
1,2,3,4,5,8,13,14,27	1
2,4,7,8,13	1
1,2,3,4,5,7,8,9,13,15,19,21	1
1,2,3,4,5,7,8,9,13	7
1,2,4,5,7,8,9,13	3
2,3,4,5,7,8,13	1
1,2,3,4,5,7,8,13	123
1,2,3,4,5,7,8,13,23	5
1,2,4,5,7,8,13	12
2,3,4,7,8,13	1
1,2,3,4,7,8,13	1
1,2,4,7,8,13	2
2,4,5,8,9,13	3
1,2,3,4,5,8,9,13	201
1,2,3,4,5,8,9,13,18	1
1,2,3,4,5,8,9,13,15	1
1,2,3,4,5,8,9,13,23	2
1,2,4,5,8,9,13	7
1,2,3,4,5,8,13,14	3
2,4,5,8,13	97
2,3,4,5,8,13	112
1,2,3,4,5,8,13	25627
1,2,3,4,5,8,13,18	1
1,2,3,4,5,8,13,15	5
1,2,3,4,5,8,13,23	27
1,2,4,5,8,13	567
2,3,4,8,13	77
1,2,3,4,8,13	76
1,2,3,4,8,13,15	1
1,2,4,8,13	57
1,2,4,8,13,15	2
2,4,5,7,8,22	1
1,2,3,4,5,7,8,22	2
1,2,3,4,5,7,8,15,22	1
1,2,4,7,8,22	5
1,2,3,4,5,8,22	1
1,2,3,4,5,8,22,23	1
2,4,8,24	2
1,2,4,8,24	1
1,2,3,4,5,8,9,27	1
1,2,3,4,5,8,14,27	1
2,4,7,8	203
2,4,5,7,8,9	5
2,3,4,5,7,8,9	1
1,2,3,4,5,7,8,9	6
1,2,4,5,7,8,9	2
1,2,4,5,7,8,9,15	2
1,2,3,4,5,7,8,14	2
1,2,3,4,5,7,8,14,23	1
1,2,4,5,7,8,14	1
1,2,3,4,7,8,15,19	2
1,2,4,7,8,15,19	1
2,4,5,7,8	23
1,2,3,4,5,7,8	154
1,2,3,4,5,7,8,23	1
1,2,4,5,7,8	76
2,3,4,7,8	85
1,2,3,4,7,8	503
1,2,3,4,7,8,18	1
1,2,3,4,7,8,15	1
1,2,3,4,7,8,23	1
1,2,4,7,8	160
2,4,5,8,9	20
2,3,4,5,8,9	7
1,2,3,4,5,8,9	366
1,2,3,4,5,8,9,18	2
1,2,3,4,5,8,9,15	1
1,2,4,5,8,9	33
1,2,3,4,8,9	2
1,2,3,4,5,8,14	1
1,2,3,4,5,8,15,19	1
1,2,3,4,8,19	1
1,2,3,4,8,26	2
2,4,5,8	770
2,3,4,5,8	224
1,2,3,4,5,8	16092
1,2,3,4,5,8,18	1
1,2,3,4,5,8,15	7
1,2,3,4,5,8,23	2
1,2,4,5,8	3313
2,3,4,8	75849
1,2,3,4,8	200690
1,2,3,4,8,18	2
1,2,3,4,8,15	9
1,2,4,8	40961
1,2,4,8,15	11
2,4,8,18	2
2,4,8,12,24	2
1,2,3,4,5,7,8,9,12	1
1,2,3,4,5,7,8,10,13,20	2
1,2,3,4,5,8,10,13,20	3
1,2,4,7,8,10,20	1
1,2,3,4,5,7,8,9,10,13	1
1,2,3,4,5,7,8,10,13	6
1,2,3,4,5,7,8,10,13,23	1
1,2,3,4,5,8,9,10,13	1
1,2,3,4,5,8,10,13	36
1,2,3,4,8,10,13	1
1,2,3,4,5,7,8,10,14,15,22	1
1,2,3,4,5,7,8,10,22	1
1,2,3,4,7,8,10,22	1
1,2,3,4,5,7,8,10,14,15,19,23	1
1,2,3,4,5,7,8,10	9
1,2,3,4,7,8,10	1
1,2,3,4,5,8,9,10	2
1,2,3,4,5,8,10	44
1,2,3,4,8,10	67
1,2,3,4,5,7,8,9,10,13,14,15,19,20,21,22,23,25	1
1,2,3,4,5,7,8,9,10,14,15,19,20,21,22,23,25	1
1,2,3,4,5,7,8,9,13,14,15,19,21,22,25	1
1,2,3,4,5,7,8,9,13,14,15,21,23,25	1
1,2,3,4,5,7,8,9,14,15,19,22,25	1
1,2,3,4,5,7,8,9,14,15,19,21,23,25	1
1,2,3,4,5,7,8,9,15,25	1
1,2,3,4,7,8,15,19,25	2
1,2,4,7,8,15,19,25	5
1,2,3,4,5,8,15,25	1
4,8,12	2
4,8,12,24	6
4,8,12,24,28	1
4,8,12,24,26	1
1,3,4,5,7,8,9,10,13	1
1,3,4,5,8,10,13	1
1,4,7,8,10	1
1,4,7,8,10,15	1
1,3,4,8,10	2
1,4,7,8,15,19,25	4
2,4	1811239
2,4,20	61
2,3,4,5,13,20	1
1,2,3,4,5,13,20	68
2,3,4,13,20	12
1,2,3,4,13,20	53
1,2,4,13,20	1
1,2,3,4,5,7,20	1
1,2,3,4,5,7,15,20	1
1,2,3,4,5,16,20	30
1,2,3,4,5,16,18,20	5
1,2,4,5,16,20	6
2,4,5,20	5
2,3,4,5,20	18
1,2,3,4,5,20	414
1,2,3,4,5,18,20	5
1,2,3,4,5,20,23	1
1,2,4,5,20	76
1,2,4,5,18,20	2
2,3,4,20	46
1,2,3,4,20	179
1,2,4,20	20
2,4,18,20	4
2,4,13	969
2,4,13,22	7
1,2,4,5,7,9,13,22	6
1,2,4,5,7,13,22	6
1,2,4,5,9,13,22	1
1,2,4,5,13,22	11
2,3,4,13,22	1
1,2,3,4,13,22	16
1,2,4,13,22	168
2,4,13,24	1
1,2,3,4,5,7,13,24	1
1,2,3,4,5,7,13,18,24	1
1,2,3,4,5,13,18,24	1
1,2,3,4,13,24	1
1,2,4,13,24	1
1,2,3,4,5,13,14,27	1
2,4,7,13	1
1,2,3,4,5,7,13,21	1
1,2,3,4,5,7,9,13,15,19	1
1,2,3,4,5,7,9,13	9
1,2,4,5,7,9,13	6
2,4,5,7,13	6
2,3,4,5,7,13	1
1,2,3,4,5,7,13	28
1,2,3,4,5,7,13,18	1
1,2,4,5,7,13	54
1,2,3,4,7,13	1
1,2,3,4,5,13,16,21	1
2,4,5,9,13,16	6
2,3,4,5,9,13,16	2
1,2,3,4,5,9,13,16	39
1,2,4,5,9,13,16	8
1,2,3,4,5,13,16,19	1
2,4,5,13,16	17
2,3,4,5,13,16	7
1,2,3,4,5,13,16	83
1,2,4,5,13,16	12
1,2,3,4,13,16	1
1,2,3,4,5,9,13,21	1
2,4,5,13,21	3
2,3,4,5,13,21	1
1,2,3,4,5,13,21	10
1,2,4,5,13,21	3
1,2,3,4,5,9,13,19	10
1,2,4,5,9,13,19	1
2,4,5,9,13	123
2,3,4,5,9,13	70
1,2,3,4,5,9,13	1059
1,2,3,4,5,9,13,18	26
1,2,3,4,5,9,13,15	1
1,2,4,5,9,13	279
1,2,4,5,9,13,18	2
2,3,4,9,13	1
1,2,3,4,9,13	1
1,2,3,4,5,13,14	4
1,2,4,5,13,14	1
1,2,3,4,5,13,19	205
1,2,4,5,13,19	8
1,2,3,4,13,19	26
1,2,4,13,19	1
1,2,3,4,5,13,26	4
2,4,5,13	1280
2,3,4,5,13	372
1,2,3,4,5,13	10367
1,2,3,4,5,13,18	23
2,3,4,5,13,18	1
1,2,4,5,13	3905
1,2,4,5,13,18	8
1,2,4,5,13,15	1
2,4,5,13,18	2
2,3,4,13	2033
1,2,3,4,13	8976
1,2,3,4,13,18	1
1,2,4,13	3860
2,4,22	85
2,4,7,22	3
1,2,3,4,5,7,22	1
1,2,4,5,7,22	1
1,2,4,7,22	1
2,4,5,9,22	2
1,2,3,4,5,9,22	1
1,2,4,5,9,22	3
1,2,4,5,9,18,22	1
1,2,3,4,9,22	1
2,4,5,22	1
1,2,3,4,5,22	5
1,2,4,5,22	4
2,3,4,22	12
1,2,3,4,22	305
1,2,4,22	103
2,4,24	78
2,4,7,24	1
1,2,3,4,5,7,9,24	4
1,2,4,5,7,9,18,24	1
1,2,3,4,5,7,24	2
2,3,4,7,24	5
1,2,3,4,7,24	5
1,2,3,4,5,9,24	4
2,3,4,9,24	1
1,2,3,4,9,24	1
2,4,24,26	1
1,2,4,24,26	1
2,3,4,5,24	1
1,2,3,4,5,24	6
1,2,3,4,5,18,24	1
1,2,4,5,24	2
2,3,4,24	66
1,2,3,4,24	55
2,3,4,18,24	1
1,2,4,24	22
2,4,18,24	1
2,4,27	55
2,3,4,27	23
1,2,3,4,27	102
1,2,4,27	6
2,4,7	2590
1,2,3,4,5,7,9,16	1
1,2,3,4,5,7,16	2
2,3,4,7,21	1
2,4,5,7,9	71
2,3,4,5,7,9	4
1,2,3,4,5,7,9	36
1,2,3,4,5,7,9,18	1
1,2,4,5,7,9	12
1,2,4,5,7,9,15	1
2,3,4,7,9	1
2,4,5,7	732
2,3,4,5,7	17
1,2,3,4,5,7	123
1,2,3,4,5,7,18	14
1,2,3,4,5,7,23	1
1,2,4,5,7	149
1,2,4,5,7,15	3
2,4,5,7,18	1
2,3,4,7	45
1,2,3,4,7	271
1,2,3,4,7,18	7
1,2,4,7	81
1,2,4,7,18	1
2,4,7,18	1
2,4,16	31
1,2,3,4,5,9,16,21	2
2,4,5,16,21	2
2,3,4,5,16,21	1
1,2,3,4,5,16,21	23
1,2,3,4,5,16,18,21	1
1,2,4,5,16,21	3
1,2,3,4,16,21	2
1,2,3,4,5,9,16,19	15
2,4,5,9,16	26
2,3,4,5,9,16	11
1,2,3,4,5,9,16	334
1,2,3,4,5,9,16,18	2
1,2,4,5,9,16	31
1,2,3,4,5,16,19	814
1,2,3,4,5,16,18,19	34
2,4,5,16	1102
2,3,4,5,16	810
1,2,3,4,5,16	28049
1,2,3,4,5,16,18	422
2,3,4,5,16,18	4
1,2,4,5,16	1256
1,2,4,5,16,18	11
2,4,5,16,18	5
2,3,4,16	23
1,2,3,4,16	88
1,2,3,4,16,18	1
1,2,4,16	15
2,4,21	85
2,4,5,9,21	7
1,2,3,4,5,9,21	9
1,2,4,5,9,21	7
1,2,3,4,9,21	1
2,4,5,21	51
2,3,4,5,21	7
1,2,3,4,5,21	30
1,2,3,4,5,18,21	1
1,2,4,5,21	28
2,4,5,18,21	1
2,3,4,21	15
1,2,3,4,21	86
1,2,4,21	11
2,4,29	1
2,4,9	20
1,2,3,4,5,9,19	43
1,2,4,5,9,15,19	1
2,4,5,9	1745
2,3,4,5,9	541
1,2,3,4,5,9	6110
1,2,3,4,5,9,18	77
1,2,3,4,5,9,15	1
2,3,4,5,9,18	1
1,2,4,5,9	1587
1,2,4,5,9,18	24
2,4,5,9,18	20
2,3,4,9	58
1,2,3,4,9	130
1,2,3,4,9,18	1
1,2,3,4,9,23	1
2,3,4,9,23	1
1,2,4,9	36
2,4,9,23	1
1,2,3,4,5,14	1
1,2,3,4,14	1
2,4,19	946
2,3,4,5,19	12
1,2,3,4,5,19	1922
1,2,3,4,5,18,19	35
1,2,4,5,19	7
2,3,4,19	264
1,2,3,4,19	13896
1,2,3,4,18,19	2
1,2,3,4,15,19	5
1,2,4,19	332
1,2,4,15,19	9
2,4,26	6
1,2,3,4,5,26	4
2,3,4,26	6
1,2,3,4,26	140
1,2,4,26	2
2,4,5	65370
2,3,4,5	18327
1,2,3,4,5	273197
1,2,3,4,5,18	1820
1,2,3,4,5,23	5
2,3,4,5,18	41
2,3,4,5,15	1
1,2,4,5	44082
1,2,4,5,18	316
1,2,4,5,15	1
1,2,4,5,23	1
2,4,5,18	353
2,3,4	504818
1,2,3,4	2157685
1,2,3,4,18	4760
1,2,3,4,15	140
1,2,3,4,23	3
2,3,4,18	167
2,3,4,15	23
1,2,4	326167
1,2,4,18	405
1,2,4,15	42
1,2,4,23	6
2,4,18	4003
2,4,15	13
2,4,23	4
2,4,12	79
1,2,3,4,5,12,16,20	1
2,4,5,12,20	1
2,3,4,5,12,20	1
1,2,3,4,5,12,20	8
2,3,4,5,9,12,13,24	1
1,2,3,4,5,12,13,24	1
1,2,3,4,5,7,9,12,13	1
1,2,3,4,5,9,12,13	2
1,2,4,5,9,12,13	2
2,4,5,12,13	2
2,3,4,5,12,13	2
1,2,3,4,5,12,13	11
1,2,3,4,12,13	2
1,2,4,12,13	1
2,4,12,24	5
1,2,3,4,5,7,9,12,24	1
1,2,3,4,5,7,9,12,18,24	1
2,3,4,7,12,24	1
1,2,3,4,7,12,24	3
1,2,3,4,5,9,12,24	1
2,4,12,24,26	2
2,3,4,12,24,26	1
1,2,3,4,5,12,24	1
1,2,3,4,12,24	5
1,2,4,12,24	5
2,3,4,12,27	1
2,4,7,12	4
1,2,3,4,5,7,12,16,19	1
1,2,3,4,5,7,12,16	2
2,3,4,5,7,9,12	1
1,2,3,4,5,7,9,12	4
1,2,3,4,5,7,9,12,18	2
1,2,4,5,7,9,12,18	1
1,2,3,4,5,7,12	15
1,2,3,4,5,7,12,18	4
1,2,4,5,7,12	2
2,4,5,7,12,18	1
2,3,4,7,12	6
1,2,3,4,7,12	58
1,2,3,4,7,12,18	1
1,2,4,7,12	3
1,2,3,4,5,12,16,21	1
1,2,3,4,5,9,12,16,19	1
1,2,3,4,5,12,16,19	8
1,2,3,4,5,12,16,18,19	1
2,3,4,5,12,16	1
1,2,3,4,5,12,16	137
1,2,3,4,5,12,16,18	9
1,2,4,5,12,16	2
1,2,3,4,5,12,21	1
1,2,3,4,12,14,26,28,29,30	1
2,4,5,9,12	1
2,3,4,5,9,12	1
1,2,3,4,5,9,12	13
1,2,3,4,5,9,12,18	3
1,2,4,5,9,12	2
1,2,4,5,9,12,18	1
1,2,3,4,5,12,19	7
1,2,3,4,5,12,18,19	1
2,4,5,12	25
2,3,4,5,12	61
1,2,3,4,5,12	634
1,2,3,4,5,12,18	81
2,3,4,5,12,18	1
1,2,4,5,12	45
1,2,4,5,12,18	1
2,3,4,12	82
1,2,3,4,12	531
1,2,3,4,12,18	49
2,3,4,12,18	2
1,2,4,12	46
1,2,4,12,18	4
2,4,12,18	1
1,2,3,4,5,10,12,20	1
1,2,3,4,5,7,9,10,12,13	1
1,2,3,4,5,10,12,13	1
1,2,3,4,5,10,12,16,21	1
1,2,3,4,5,10,12,16,18,21	1
1,2,3,4,5,10,12,16,19	4
1,2,3,4,5,10,12,16	41
1,2,3,4,5,10,12,16,18	3
1,2,4,5,10,12,16	1
1,2,3,4,5,10,12,21	1
1,2,3,4,5,10,12,19	2
1,2,3,4,5,10,12	19
1,2,3,4,5,10,12,18	2
2,4,10	444
1,2,3,4,5,10,20	3
2,4,10,13	8
1,2,3,4,5,7,10,13,21	1
1,2,3,4,5,7,9,10,13	3
1,2,3,4,5,7,10,13	4
1,2,3,4,5,9,10,13,16,21	1
1,2,3,4,5,10,13,16,21	2
1,2,3,4,5,9,10,13,16	10
2,3,4,5,10,13,16	2
1,2,3,4,5,10,13,16	22
1,2,3,4,5,9,10,13,21	2
1,2,3,4,5,10,13,21	46
1,2,3,4,10,13,21	1
1,2,4,10,13,21	1
2,3,4,5,9,10,13	2
1,2,3,4,5,9,10,13	44
1,2,4,5,9,10,13	3
2,4,5,10,13	3
2,3,4,5,10,13	4
1,2,3,4,5,10,13	706
1,2,4,5,10,13	10
2,3,4,10,13	12
1,2,3,4,10,13	19
1,2,4,10,13	1
1,2,3,4,5,7,10,22	1
1,2,3,4,5,9,10,22	1
1,2,3,4,5,10,22	1
1,2,3,4,10,22	12
2,4,7,10	13
1,2,3,4,5,7,9,10,16	1
1,2,3,4,5,7,10,16	1
2,4,7,10,21	2
2,3,4,5,7,10,21	2
1,2,3,4,5,7,10,21	1
2,3,4,7,10,21	4
2,3,4,7,9,10	3
2,4,5,7,10	1
2,3,4,5,7,10	2
1,2,3,4,5,7,10	7
1,2,3,4,5,7,10,18	3
2,3,4,7,10	31
1,2,3,4,7,10	5
1,2,3,4,5,9,10,16,21	3
1,2,3,4,5,10,16,19,21	1
1,2,3,4,5,10,16,21	106
1,2,3,4,5,10,16,18,21	4
1,2,4,5,10,16,21	1
1,2,3,4,5,9,10,16,19	1
2,3,4,5,9,10,16	1
1,2,3,4,5,9,10,16	117
1,2,3,4,5,9,10,16,18	1
1,2,4,5,9,10,16	2
1,2,3,4,5,10,16,19	30
1,2,3,4,5,10,16,18,19	5
2,4,5,10,16	4
2,3,4,5,10,16	18
1,2,3,4,5,10,16	2969
1,2,3,4,5,10,16,18	111
1,2,4,5,10,16	16
1,2,3,4,10,16	2
2,4,10,21	9
1,2,3,4,5,9,10,21	9
1,2,4,5,9,10,21	1
2,3,4,9,10,21	1
2,4,5,10,21	2
2,3,4,5,10,21	1
1,2,3,4,5,10,21	135
1,2,3,4,5,10,18,21	2
1,2,4,5,10,21	2
2,3,4,10,21	23
1,2,3,4,10,21	132
1,2,4,10,21	13
2,4,9,10	6
2,3,4,5,9,10	7
1,2,3,4,5,9,10	170
1,2,4,5,9,10	3
2,3,4,9,10	51
1,2,3,4,5,10,19	22
1,2,3,4,5,10,18,19	4
1,2,3,4,10,19	6
2,4,5,10	47
2,3,4,5,10	57
1,2,3,4,5,10	5035
1,2,3,4,5,10,18	77
1,2,3,4,5,10,23	1
1,2,4,5,10	84
1,2,4,5,10,18	1
2,3,4,10	773
1,2,3,4,10	7200
1,2,3,4,10,18	20
1,2,4,10	285
2,4,10,18	1
1,2,3,4,5,7,9,10,14,15,19,20,22,25	1
1,2,3,4,5,7,9,10,14,15,19,22,25	1
1,2,4,13,15,22,25	1
2,4,5,7,9,14,15,25	1
1,2,3,4,7,15,19,25	3
1,2,4,7,15,19,25	3
1,2,4,7,25	1
1,2,3,4,5,9,14,25	1
1,2,3,4,25	4
1,2,3,4,15,25	168
2,3,4,15,25	2
1,2,4,25	5
1,2,4,15,25	30
2,4,15,25	4
4,12	392
1,3,4,5,12,13	1
1,4,5,12,13	1
4,12,24	21
4,12,24,27	2
1,3,4,12,14,24,26,27,28,29,30	1
1,4,12,14,24,26,27,28,29,30	1
4,7,12,24	1
4,12,14,24,26,28,29,30	1
4,12,24,28	3
4,12,24,26,28	1
4,12,14,24	1
3,4,12,24,26	1
1,4,12,24,26	1
1,3,4,12,24	1
1,4,12,24	3
4,12,27	1
4,12,14,27,28,29	1
4,12,14,26,27,28,29	1
4,12,14,26,27,29	1
4,12,26,27	1
4,7,12	10
4,5,7,12	1
3,4,7,12	2
1,3,4,5,12,16	1
4,12,21,29	2
4,12,14,28,29	1
4,12,14,26,28,29	1
4,12,14,26,28,29,30	1
3,4,12,14,26,28,29,30	1
1,3,4,12,14,26,28,29,30	1
1,4,12,14,26,28,29	2
4,12,14,28,29,30	2
3,4,12,14,28,29,30	2
1,4,12,14,28,29	1
4,12,14,29	1
4,12,29,30	1
1,3,4,5,9,12	1
4,12,28	6
4,12,14	1
4,12,14,30	1
4,12,26	7
1,4,12,26	1
4,12,30	4
4,5,12	2
3,4,12	10
1,3,4,12	10
1,4,12	52
4,12,18	1
1,4,7,10,12	1
4,10	29420
4,10,13	59
3,4,10,13,22	1
1,3,4,10,13,22	1
1,4,10,13,16,21	5
4,10,13,21	2
4,5,10,13,21	1
1,3,4,5,10,13,21	4
1,4,10,13,21	2
4,9,10,13	7
1,3,4,5,9,10,13	9
1,4,5,9,10,13	2
3,4,9,10,13	21
4,5,10,13	2
3,4,5,10,13	2
1,3,4,5,10,13	57
1,3,4,5,10,13,18	1
1,4,5,10,13	7
3,4,10,13	17
1,3,4,10,13	31
1,4,10,13	7
3,4,10,22	4
1,3,4,10,22	35
4,7,10	16
4,7,10,21	1
3,4,7,10,21	1
4,7,9,10	5
4,5,7,9,10	1
3,4,7,9,10	35
3,4,5,7,10	5
3,4,7,10	74
1,4,7,10	5
1,3,4,5,10,16,19,21	1
1,4,10,16,21	4
4,5,10,16	3
1,3,4,5,10,16	2
1,4,5,10,16	1
1,3,4,10,16	1
1,4,10,16	2
4,10,21	142
4,9,10,21	1
3,4,5,9,10,21	2
1,3,4,5,9,10,21	1
1,4,5,9,10,21	1
3,4,9,10,21	59
4,5,10,21	1
3,4,5,10,21	2
1,3,4,5,10,21	3
3,4,10,21	65
1,3,4,10,21	9
1,4,10,21	43
4,9,10	155
4,5,9,10	9
3,4,5,9,10	48
1,3,4,5,9,10	6
1,4,5,9,10	6
3,4,9,10	2693
1,3,4,9,10	2
4,10,19	3
4,5,10	34
3,4,5,10	69
1,3,4,5,10	122
1,4,5,10	15
3,4,10	4577
1,3,4,10	1532
1,4,10	849
4,25	1
1,4,13,15,25	2
1,4,7,15,19,25	9
1,3,4,25	2
1,3,4,15,25	19
1,4,25	1
1,4,15,25	40
4,15,25	6
8	4886
8,20	7
1,8,13,20	1
1,8,14,20,27	1
7,8,20	1
1,7,8,20	3
1,7,8,15,20,23	1
1,7,8,20,23	1
1,8,14,20,23	1
1,3,8,20	2
1,8,20	107
1,8,15,20	2
1,8,20,23	3
8,13	1062
1,8,13,14,27	1
7,8,13	3
1,5,7,8,13	1
1,7,8,13	2
5,8,9,13	1
1,5,8,9,13	1
5,8,13	9622
3,5,8,13	17
1,3,5,8,13	55
1,5,8,13	2566
3,8,13	4
1,3,8,13	8
1,8,13	375
1,8,22	2
8,24	228
8,14,24,26,27,28,29	3
1,8,14,24,26,27,28,29	1
8,14,24,26,27,28	1
8,24,28	16
8,24,26,28	4
8,24,26	30
8,27	17
7,8,27	19
3,7,8,27	1
7,8,15,27	2
8,14,27,29	2
8,14,27	2
1,8,14,27	2
1,8,27	1
7,8	11219
5,7,8,9	2
1,7,8,14	1
7,8,19	3
1,7,8,15,19	1
7,8,15,19	14
5,7,8	14
1,3,5,7,8	1
1,5,7,8	2
3,7,8	144
1,3,7,8	12
1,7,8	176
1,7,8,15	1
1,7,8,23	3
7,8,15	291
7,8,15,23	6
8,16	1
1,8,16	2
8,14,28,29	1
8,14,29	4
8,9	3
5,8,9	12
3,5,8,9	3
1,3,5,8,9	2
1,5,8,9	6
1,8,9	1
8,28	23
8,26,28	2
8,14	17
8,14,26	2
1,8,14	6
8,19	53
8,15,19	3
8,26	448
1,8,26	2
8,30	113
5,8	3389
3,5,8	17
1,3,5,8	29
1,3,5,8,15	1
1,5,8	696
3,8	61034
1,3,8	44417
1,3,8,15	2
3,8,15	4
1,8	1170746
1,8,18	1
1,8,15	21
1,8,23	36
8,15	316
8,23	2
2,8	116548
1,2,3,5,7,8,9,14,15,20,22,23	1
1,2,3,5,7,8,20	2
1,2,3,5,7,8,20,23	1
1,2,3,8,20	1
2,8,13	40
2,7,8,13	1
2,5,7,8,13	1
1,2,3,5,8,9,13	1
1,2,5,8,9,13	1
2,5,8,13	47
2,3,5,8,13	76
1,2,3,5,8,13	178
1,2,5,8,13	57
2,3,8,13	21
1,2,3,8,13	50
1,2,8,13	51
1,2,8,13,15	1
2,7,8,22,27	1
2,5,7,8,9,22	1
1,2,5,7,8,9,22	2
1,2,5,7,8,22	5
1,2,7,8,22	2
2,5,8,9,22	1
1,2,3,8,22	1
2,8,24	1
2,3,8,24	1
2,7,8,27	1
2,3,7,8,27	1
1,2,3,8,27	1
1,2,8,27	6
2,7,8	628
1,2,5,7,8,9,14,15	1
2,5,7,8,9	10
1,2,3,5,7,8,9	2
1,2,3,5,7,8,9,15	1
1,2,5,7,8,9	5
1,2,5,7,8,9,15	2
1,2,7,8,14,23	1
2,5,7,8	49
2,3,5,7,8	2
1,2,3,5,7,8	34
1,2,3,5,7,8,23	2
1,2,5,7,8	13
1,2,5,7,8,15	2
2,3,7,8	405
1,2,3,7,8	175
1,2,3,7,8,15	3
1,2,7,8	128
1,2,7,8,15	2
2,7,8,15	15
2,8,9	1
2,5,8,9	12
2,3,5,8,9	23
1,2,3,5,8,9	66
1,2,5,8,9	18
1,2,3,8,9	2
2,3,8,28	1
1,2,8,14	1
2,5,8	280
2,3,5,8	85
1,2,3,5,8	643
1,2,3,5,8,23	2
1,2,5,8	307
2,3,8	209235
1,2,3,8	116495
1,2,3,8,15	24
1,2,3,8,23	1
2,3,8,15	3
1,2,8	83005
1,2,8,15	39
2,8,18	1
2,8,15	13
2,8,12	6
2,8,12,24	2
2,3,8,12,24,28	1
2,8,12,24,26	1
2,3,8,12,24	3
2,3,7,8,12	1
2,3,8,12,26	1
1,2,3,7,8,10,22	1
1,2,3,5,7,8,9,10	3
1,2,3,5,7,8,10	3
1,2,3,5,7,8,10,15	1
1,2,3,5,8,10,23	1
1,2,3,8,10	2
1,2,3,5,7,8,9,10,14,15,20,21,22,23,25	2
1,2,3,5,7,8,9,10,14,15,21,22,23,25	3
1,2,3,5,7,8,9,10,14,15,21,23,25	2
1,2,3,5,7,8,9,10,15,21,25	1
1,2,3,5,7,8,14,15,20,21,25	1
1,2,5,7,8,9,14,15,21,22,23,25	1
1,2,3,7,8,15,25,27	1
1,2,3,5,7,8,9,14,15,25	2
1,2,3,5,7,8,9,15,25	1
1,2,5,7,8,15,25	1
1,2,3,7,8,15,25	7
1,2,7,8,15,25	7
1,2,3,5,8,15,25	1
8,12	1745
8,12,24	252
8,12,24,27	3
8,12,24,27,29	1
8,12,14,24,26,27,28,29	2
8,12,14,24,26,27,28,29,30	2
3,8,12,14,24,26,27,28,29,30	1
3,8,12,14,24,26,27,28,29	2
8,12,24,27,28	1
8,12,14,24,26,27,28,30	1
8,12,24,26,27,28	1
3,8,12,24,27	1
8,12,24,28	45
8,12,24,26,28	13
3,8,12,24,28	2
8,12,24,26	64
3,8,12,24	1
1,8,12,24	1
8,12,27	1
8,12,14,27,28,29	1
3,8,12,14,26,27,28,29	1
1,3,8,12,14,26,27,28,29	1
8,12,14,27,29	11
8,12,14,27	1
7,8,12	11
8,12,29	1
8,12,14,28,29	3
3,8,12,14,26,28,29	1
8,12,14,29	8
8,12,28	13
8,12,14,28	3
8,12,26,28	2
8,12,14	10
8,12,14,26,30	1
3,8,12,14,26,30	1
8,12,26	122
8,12,26,30	1
3,8,12,26	1
3,8,12	2
1,8,12	32
8,10	10
1,7,8,10,20	1
1,8,10,20	1
7,8,10	1
1,7,8,10	4
1,8,10,16,18	1
1,3,8,10	1
1,8,10	88
8,25	1
1,5,7,8,9,15,25	1
1,7,8,15,25	10
1,8,14,15,25	1
1,8,15,19,25	1
1,8,15,25	1
8,15,25	1
2	20272
2,20	108
1,2,3,5,13,20	2
2,3,13,20	1
1,2,3,13,20	3
1,2,13,20	2
1,2,3,5,9,20,22,23	1
1,2,3,5,9,20	2
1,2,3,5,14,20,23	1
2,5,20	37
2,3,5,20	294
1,2,3,5,20	74
2,3,5,18,20	1
1,2,5,20	20
2,3,20	176
1,2,3,20	333
1,2,3,20,23	1
1,2,20	70
2,13	2874
2,13,22	4
1,2,3,13,22	1
1,2,13,22	26
2,13,24	2
1,2,5,13,24	2
1,2,13,24	1
1,2,3,5,7,9,13	1
2,5,7,13	1
2,3,5,7,13	1
2,3,7,13	3
2,5,9,13,16	3
2,3,5,9,13,16	3
1,2,3,5,9,13,16	4
1,2,5,9,13,16	2
2,5,13,16	5
2,3,5,13,16	21
1,2,3,5,13,16	7
1,2,5,13,16	12
1,2,5,13,21	1
2,3,13,21	1
2,9,13	15
2,5,9,13	183
2,3,5,9,13	81
1,2,3,5,9,13	89
1,2,3,5,9,13,18	1
1,2,5,9,13	89
2,3,9,13	9
1,2,3,13,19	7
2,5,13	2133
2,3,5,13	1990
1,2,3,5,13	1109
1,2,5,13	1267
1,2,5,13,18	1
2,3,13	3202
1,2,3,13	2416
1,2,13	2189
2,13,15	2
2,22	238
1,2,5,7,9,22,27	1
2,7,22	8
1,2,5,7,9,22	8
2,5,7,22	2
1,2,5,7,22	10
1,2,7,22	13
2,5,9,22	4
1,2,3,5,9,22	1
1,2,3,5,9,22,23	1
1,2,5,9,22	1
2,5,22	16
2,3,5,22	1
1,2,3,5,22	3
1,2,3,5,22,23	1
1,2,5,22	5
2,3,22	9
1,2,3,22	74
2,3,15,22	1
1,2,22	101
1,2,15,22	1
2,24	133
2,7,24	2
2,3,5,7,9,24	1
1,2,3,5,7,24	1
2,3,7,24	3
1,2,7,24	1
2,9,24	1
2,5,9,24	1
2,3,5,9,24	1
1,2,3,5,9,24	1
1,2,3,9,24	1
2,24,28	3
2,3,24,28	1
2,24,26	1
1,2,24,26	1
2,5,24	1
1,2,3,5,24	4
2,5,18,24	1
2,3,24	106
1,2,3,24	31
1,2,24	20
2,18,24	1
2,27	40
2,7,27	1
1,2,5,7,27	1
1,2,3,14,26,27,28,29	1
2,5,27	1
2,3,27	2
1,2,3,27	11
1,2,27	6
2,7	7688
1,2,3,7,21	1
2,7,9	1
1,2,3,5,7,9,14	2
2,5,7,9	375
2,3,5,7,9	10
1,2,3,5,7,9	34
1,2,5,7,9	46
1,2,5,7,9,15	11
2,3,7,9	28
2,7,19	1
2,7,15,19	2
2,5,7	2056
2,3,5,7	27
1,2,3,5,7	45
1,2,3,5,7,18	1
1,2,3,5,7,15	1
1,2,3,5,7,23	2
1,2,5,7	164
1,2,5,7,15	9
2,5,7,18	1
2,3,7	835
1,2,3,7	121
1,2,3,7,15	2
1,2,7	140
2,7,18	5
2,7,15	1
2,16	490
2,16,21	1
2,5,16,21	1
1,2,3,5,16,21	1
2,5,9,16	27
2,3,5,9,16	32
1,2,3,5,9,16	39
1,2,5,9,16	16
1,2,3,5,16,19	22
2,5,16	2957
2,3,5,16	1448
1,2,3,5,16	3474
1,2,3,5,16,18	13
2,3,5,16,18	2
1,2,5,16	1259
1,2,5,16,18	5
2,5,16,18	5
2,3,16	88
1,2,3,16	18
1,2,16	55
2,21	20
2,5,9,21	1
2,5,21	19
2,3,5,21	2
1,2,3,5,21	4
1,2,5,21	3
2,3,21	12
1,2,3,21	3
1,2,21	5
2,29	4
2,14,26,28,29	1
2,9	244
1,2,3,5,9,19	1
2,5,9	5618
2,3,5,9	1053
1,2,3,5,9	1035
1,2,3,5,9,18	8
2,3,5,9,18	2
1,2,5,9	1092
1,2,5,9,18	6
1,2,5,9,15	2
2,5,9,18	12
2,3,9	602
1,2,3,9	102
1,2,9	25
2,28	4
1,2,28	1
2,14	3
1,2,3,5,14	1
1,2,3,14	2
2,19	416
2,5,19	1
2,3,5,19	21
1,2,3,5,19	48
1,2,3,5,18,19	2
1,2,5,19	1
2,3,19	611
1,2,3,19	837
1,2,3,18,19	1
1,2,19	1286
1,2,15,19	2
2,15,19	2
2,26	16
2,3,26,30	1
1,2,3,5,26	1
2,3,26	14
1,2,3,26	4
1,2,26	1
2,30	15
2,3,30	2
2,5	252944
2,3,5	237299
1,2,3,5	64895
1,2,3,5,18	89
1,2,3,5,15	2
1,2,3,5,23	4
2,3,5,18	27
1,2,5	40639
1,2,5,18	99
1,2,5,15	2
2,5,18	376
2,5,23	1
2,3	15414101
1,2,3	1424895
1,2,3,18	231
1,2,3,15	180
1,2,3,23	7
2,3,18	243
2,3,15	56
1,2	753152
1,2,18	398
1,2,15	77
2,18	3620
2,15	59
2,12	1789
2,12,20	2
2,3,5,12,20	7
1,2,3,5,12,20	1
2,5,7,9,12,13	1
1,2,3,5,9,12,13	1
2,5,12,13	4
2,3,5,12,13	1
2,3,12,13	3
2,12,24	13
2,12,14,24,26,27,28,29	1
2,3,12,14,24,26,27,28,29,30	2
2,3,12,14,24,26,27,28,29	1
1,2,3,12,24,27	1
2,3,7,12,24	1
1,2,3,7,12,24	2
2,3,12,24,26,28	1
1,2,12,24,28	1
2,12,24,26	1
2,3,12,24,26	1
1,2,12,24,26	1
2,3,12,24	4
1,2,3,12,24	1
2,12,27	1
2,7,12	117
2,3,5,7,9,12	1
1,2,3,5,7,9,12	1
2,5,7,12	1
1,2,3,5,7,12	1
2,5,7,12,18	1
2,3,7,12	14
1,2,3,7,12	5
1,2,7,12	1
2,5,12,16	1
2,3,5,12,16	1
1,2,3,5,12,16	14
1,2,3,5,12,16,18	1
2,12,14,28,29	1
2,3,12,14,29	1
2,5,9,12	1
2,3,5,9,12	2
1,2,3,5,9,12	2
1,2,5,9,12	1
1,2,3,5,12,19	1
2,12,26	4
2,3,12,26	1
1,2,12,26	1
2,5,12	251
2,3,5,12	678
1,2,3,5,12	123
1,2,3,5,12,18	6
1,2,5,12	10
1,2,5,12,18	1
2,3,12	2081
1,2,3,12	211
1,2,3,12,18	5
2,3,12,18	2
1,2,12	25
1,2,12,18	1
2,12,18	1
2,10,12	1
1,2,3,5,10,12,16	1
1,2,3,5,10,12	2
2,10	414
2,10,13	4
2,10,13,21	1
2,3,10,13,21	1
1,2,3,10,13,21	1
1,2,3,5,10,13	1
2,3,10,13	9
1,2,3,10,13	6
1,2,10,13	5
1,2,3,5,7,9,10,14,15,22	1
1,2,3,5,10,22,23	1
1,2,3,10,22	6
2,7,10	5
2,3,7,10,21	2
1,2,3,5,7,9,10	1
2,3,7,9,10	1
2,5,7,10	2
2,3,5,7,10	5
1,2,3,5,7,10	2
2,3,7,10	10
1,2,3,5,9,10,16,21	1
2,3,5,10,16,21	1
1,2,3,5,10,16,21	2
2,5,9,10,16	1
1,2,3,5,9,10,16	2
1,2,3,5,10,16,19	1
2,3,5,10,16	2
1,2,3,5,10,16	41
1,2,3,5,10,16,18	1
2,10,21	7
1,2,3,5,9,10,21	1
1,2,3,5,10,21	5
1,2,5,10,21	1
2,3,10,21	4
1,2,3,10,21	5
1,2,10,21	3
2,5,9,10	1
2,3,5,9,10	3
1,2,3,5,9,10	7
1,2,5,9,10	1
2,3,9,10	3
2,5,10	21
2,3,5,10	16
1,2,3,5,10	106
1,2,3,5,10,18	2
1,2,3,5,10,23	1
1,2,5,10	9
2,3,10	346
1,2,3,10	382
1,2,3,10,18	1
1,2,10	97
1,2,3,5,7,9,10,14,15,20,21,23,25	1
1,2,3,5,7,10,14,15,21,22,23,25	1
2,25	69
1,2,3,5,7,9,14,15,20,22,25,27	1
2,19,22,25	1
1,2,3,7,15,25,27	1
1,2,3,5,7,9,14,15,21,25	1
1,2,5,7,9,14,15,25	1
1,2,5,7,9,25	1
2,7,19,25	1
2,5,7,25	1
1,2,3,7,15,25	6
1,2,7,15,25	6
2,5,9,25	2
2,19,25	28
2,3,5,19,25	1
2,3,19,25	4
1,2,3,5,25	1
2,3,25	17
1,2,3,25	5
1,2,3,15,25	36
2,3,15,25	1
1,2,25	8
1,2,15,25	5
2,15,25	5
12	5710
12,20	46
1,7,12,16,20	4
1,7,12,20	2
12,13	76
1,7,12,13,18	1
5,12,13	2
12,24	2013
12,24,27	30
12,24,27,29	2
12,24,27,28,29	1
12,14,24,26,27,28,29	20
12,14,24,26,27,28,29,30	7
3,12,14,24,26,27,28,29,30	4
1,3,12,14,24,26,27,28,29,30	2
3,12,14,24,26,27,28,29	4
1,3,12,14,24,26,27,28,29	2
1,12,14,24,26,27,28,29	2
12,14,24,27,28,29,30	2
12,24,26,27,28,29,30	3
12,24,27,28,29,30	2
12,14,24,26,27,29	1
12,14,24,26,27,29,30	1
1,3,12,14,24,26,27,29,30	1
12,14,24,27,29,30	2
12,24,26,27,29,30	1
12,24,27,28	2
12,14,24,26,27,28,30	34
3,12,14,24,26,27,28,30	5
1,3,12,14,24,26,27,28,30	1
1,12,14,24,26,27,28,30	1
12,14,24,27,28,30	3
12,24,26,27,28,30	7
12,24,27,28,30	2
3,12,24,27,28	1
12,14,24,27	1
12,14,24,26,27,30	10
3,12,14,24,26,27,30	1
12,14,24,27,30	2
12,24,26,27	5
12,24,26,27,30	5
12,24,27,30	7
3,12,24,27	1
7,12,24	18
5,7,12,24	1
1,7,12,24	38
1,7,12,18,24	2
12,24,29	25
12,14,24,28,29	2
12,14,24,26,28,29	4
12,14,24,26,28,29,30	10
3,12,14,24,26,28,29	1
1,12,14,24,26,28,29	1
12,14,24,28,29,30	5
12,24,26,28,29,30	6
1,12,24,26,28,29,30	1
12,24,28,29,30	1
12,14,24,29	4
12,14,24,26,29	7
12,14,24,26,29,30	2
12,14,24,29,30	6
3,12,14,24,29,30	1
1,12,14,24,29,30	2
12,24,26,29	1
12,24,26,29,30	1
1,12,24,26,29	1
12,24,29,30	26
12,24,28	151
12,14,24,28	4
12,14,24,26,28	2
12,14,24,26,28,30	17
3,12,14,24,26,28,30	1
12,14,24,28,30	2
12,24,26,28	13
12,24,26,28,30	10
12,24,28,30	3
3,12,24,28	3
1,12,24,28	3
12,14,24	33
12,14,24,26	25
12,14,24,26,30	43
1,12,14,24,26,30	3
1,12,14,24,26	1
12,14,24,30	44
1,12,14,24,30	1
12,24,26	155
12,24,26,30	15
3,12,24,26	1
12,24,30	171
1,12,24,30	2
3,12,24	10
1,12,24	8
12,27	230
12,27,29	8
12,14,27,28,29	77
12,14,26,27,28,29	21
12,14,26,27,28,29,30	14
3,12,14,26,27,28,29,30	4
1,3,12,14,26,27,28,29,30	1
1,12,14,26,27,28,29,30	2
3,12,14,26,27,28,29	12
1,3,12,14,26,27,28,29	6
1,12,14,26,27,28,29	2
12,14,27,28,29,30	2
3,12,14,27,28,29	6
12,26,27,28,29,30	3
12,14,27,29	414
12,14,26,27,29	13
12,14,26,27,29,30	5
3,12,14,26,27,29	6
1,3,12,14,26,27,29	1
12,14,27,29,30	11
3,12,14,27,29	8
1,12,14,27,29	1
12,27,29,30	9
12,27,28	5
12,14,27,28	31
12,14,26,27,28	2
12,14,26,27,28,30	23
3,12,14,26,27,28,30	1
1,12,14,26,27,28,30	1
12,14,27,28,30	9
3,12,14,27,28,30	1
12,26,27,28	1
12,26,27,28,30	4
12,27,28,30	7
12,14,27	371
12,14,26,27	14
12,14,26,27,30	23
1,12,14,26,27,30	2
3,12,14,26,27	1
12,14,27,30	32
3,12,14,27	3
12,26,27	5
12,26,27,30	10
12,27,30	81
3,12,27	2
1,12,27	2
7,12	4568
1,7,12,16,21	1
1,7,12,16,19	19
1,7,12,16,18,19	2
1,7,12,16	183
1,7,12,16,18	17
7,12,19	5
1,7,12,19	3
1,7,12,18,19	1
5,7,12	6
1,5,7,12	2
3,7,12	32
1,3,7,12	5
1,3,7,12,18	2
1,7,12	779
1,7,12,18	105
7,12,18	31
12,16	1
12,21	83
12,29	1199
12,28,29	3
12,14,28,29	117
12,14,26,28,29	31
12,14,26,28,29,30	20
3,12,14,26,28,29,30	1
1,3,12,14,26,28,29,30	2
1,12,14,26,28,29,30	8
3,12,14,26,28,29	11
1,3,12,14,26,28,29	3
1,12,14,26,28,29	5
12,14,28,29,30	38
3,12,14,28,29,30	10
1,3,12,14,28,29,30	6
1,12,14,28,29,30	12
3,12,14,28,29	8
1,12,14,28,29	8
12,26,28,29,30	4
12,28,29,30	6
12,14,29	770
12,14,26,29	46
12,14,26,29,30	58
3,12,14,26,29,30	3
1,12,14,26,29,30	4
1,12,14,26,29	2
12,14,29,30	317
1,12,14,29,30	2
3,12,14,29	2
1,12,14,29	1
12,26,29	30
12,26,29,30	57
1,12,26,29	1
12,29,30	945
3,12,29,30	1
1,12,29,30	6
1,12,29	3
5,9,12	2
1,5,9,12	1
12,28	161
12,14,28	188
12,14,26,28	15
12,14,26,28,30	77
1,12,14,26,28,30	1
1,12,14,26,28	3
12,14,28,30	23
3,12,14,28,30	1
1,12,14,28,30	1
3,12,14,28	1
1,12,14,28	2
12,26,28	9
12,26,28,30	10
1,12,26,28,30	2
12,28,30	26
1,12,28,30	1
3,12,28	1
12,14	11126
12,14,26	162
12,14,26,30	299
3,12,14,26,30	5
1,12,14,26,30	16
3,12,14,26	2
1,12,14,26	9
12,14,30	1154
3,12,14,30	2
1,12,14,30	6
3,12,14	11
1,12,14	7
12,26	853
12,26,30	205
1,12,26	1
12,30	5602
3,12,30	1
1,12,30	14
5,12	177
3,5,12	40
1,3,5,12	13
1,5,12	5
3,12	703
1,3,12	34
3,12,18	6
1,12	1196
12,18	1
10,12	24
7,10,12	1
1,7,9,10,12,16,21	1
1,7,10,12,16,18,19,21	1
1,7,10,12,16,19	14
1,7,10,12,16,18,19	3
1,7,10,12,16	43
1,7,10,12	3
1,7,10,12,18	1
1,3,10,12	2
1,10,12	12
12,25	1
1,3,12,14,25,26,28,29	1
12,14,25,28,29,30	1
12,14,25,26	1
10	248103
1,3,10,20	3
1,10,20	3
10,13	78
10,13,22	10
1,10,13,22	25
1,5,10,13,16	1
10,13,21	1
3,10,13,21	1
1,3,10,13,21	1
1,10,13,21	3
9,10,13	3
3,9,10,13	2
1,3,9,10,13	2
1,9,10,13	2
1,3,5,10,13	3
3,10,13	40
1,3,10,13	7
1,10,13	24
10,22	39
7,10,22	1
1,7,10,22	1
3,10,22	5
1,3,10,22	33
1,10,22	13
10,27	1
7,10	9
1,7,10,16,19,21	1
1,3,7,10,16,18,21	1
1,7,10,16,21	3
1,7,10,16,19	13
1,7,10,16	15
7,10,21	1
3,5,7,9,10,21	1
3,7,10,21	2
1,7,10,21	6
7,9,10	1
3,7,9,10	10
1,7,10,19	1
3,5,7,10	1
1,3,5,7,10	1
3,7,10	35
1,3,7,10	2
1,7,10	34
1,7,10,18	4
10,16	6
1,10,16,19,21	6
1,10,16,18,19,21	1
1,3,10,16,21	1
1,10,16,21	133
1,10,16,18,21	4
5,9,10,16	1
1,3,5,9,10,16	2
1,9,10,16	2
1,5,10,16,19	1
1,10,16,19	304
1,10,16,18,19	27
5,10,16	4
1,3,5,10,16	81
1,5,10,16	5
1,5,10,16,18	1
1,3,10,16	33
1,10,16	4540
1,10,16,18	129
10,21	1857
3,5,9,10,21	1
3,9,10,21	1
10,19,21	2
3,5,10,21	1
3,10,21	75
1,3,10,21	31
1,10,21	218
9,10	122
5,9,10	3
3,5,9,10	5
1,3,5,9,10	5
1,5,9,10	3
3,9,10	525
1,3,9,10	25
1,9,10	16
1,10,28	1
10,19	31
3,10,19	1
1,3,10,19	7
1,3,10,18,19	2
1,10,19	68
5,10	77
3,5,10	47
1,3,5,10	196
1,5,10	31
3,10	11249
1,3,10	3979
1,3,10,18	107
1,10	8804
1,10,18	52
1,10,23	1
10,18	20
10,23	1
25	16
3,20,25	2
1,3,20,25	60
1,20,25	1
1,13,15,22,25	1
1,13,15,25	2
7,9,22,25	1
7,9,14,22,25	82
7,14,22,25	12
1,3,15,22,25	1
14,24,25,26,27,29	1
7,25	3
7,9,25	14
7,9,14,25	72
5,7,9,19,25	1
7,14,25	7
1,7,14,25	1
1,7,15,25	14
1,14,25,26,29	1
9,25	5
9,14,25	1
5,9,25	1
1,5,9,25	1
14,25,26,28	1
14,25	4
14,25,26,30	2
1,14,25	3
19,25	22
3,19,25	1
25,30	1
3,25	35
1,3,25	113
1,3,15,25	28
3,15,25	18
1,25	16
1,15,25	188
15,25	291