1,2,3,4,5,6,7,8,9,10,11,12,13,14,15,16,17,18,19,20,21,22,23,24,25,26,27,28,29,30	1
1	3431
1,10	36
1,10,15,16,27	3
1,10,15,16,27,28	1
1,10,15,27	1
1,10,16,19,27	1
1,10,16,26,27	3
1,10,16,27	230
1,10,16,27,28	19
1,10,22,26,27	1
1,10,25	27
1,10,25,26	22
1,10,25,27	1
1,10,26	18
1,10,26,27	378
1,10,26,27,28	36
1,10,27	60
1,10,27,28	5
1,10,28	1
1,11	578
1,11,12,19	13
1,11,12,19,27	14
1,11,12,27	4
1,11,15,19,26	6
1,11,16,19,25	3
1,11,16,19,25,27	2
1,11,16,25	12
1,11,16,25,27	3
1,11,16,27	3
1,11,19	8414
1,11,19,25	6634
1,11,19,25,26	30
1,11,19,25,26,27	6
1,11,19,25,27	42
1,11,19,26	635
1,11,19,26,27,30	1
1,11,19,27	15
1,11,19,27,30	4
1,11,25	811
1,11,25,26	16
1,11,25,26,27	2
1,11,25,27	9
1,11,26	4
1,11,27	70
1,12	5
1,12,19	89
1,12,19,27	11
1,12,26	1
1,12,27	1
1,13	1
1,13,15	1
1,13,15,27	1
1,13,19,27	1
1,13,27	3
1,13,27,28	1
1,14,21,27	1
1,14,26,27	1
1,15	19
1,15,16,17,27	1
1,15,16,22,27	10
1,15,16,27	255
1,15,16,27,28	22
1,15,17,19,26	1
1,15,17,27	1
1,15,19	46
1,15,19,25	4
1,15,19,25,26	11
1,15,19,26	498
1,15,19,27	1
1,15,22,27	1
1,15,26	2
1,15,26,27	1
1,15,27	175
1,15,27,28	25
1,15,28	2
1,16	5659
1,16,17,25,26,27,28	1
1,16,17,27	4
1,16,19	7181
1,16,19,25	50
1,16,19,25,26	5
1,16,19,25,26,27	13
1,16,19,25,27	23
1,16,19,27	62
1,16,19,27,28	1
1,16,22,27	423
1,16,22,27,28	22
1,16,25	8223
1,16,25,26	597
1,16,25,26,27	1008
1,16,25,27	6547
1,16,25,27,28	1
1,16,26	2
1,16,26,27	70
1,16,27	60252
1,16,27,28	522
1,16,28	1
1,17	1
1,17,19	1
1,17,27	2
1,19	1189733
1,19,25	38993
1,19,25,26	539
1,19,25,26,27	171
1,19,25,27	221
1,19,26	25355
1,19,26,27	11
1,19,27	220
1,19,27,28	2
1,2	30
1,2,10,15,16,27	12
1,2,10,15,27	4
1,2,10,15,27,28	1
1,2,10,16,27	49
1,2,10,16,27,28	9
1,2,10,27	3
1,2,11,12,14,19,27	1
1,2,11,12,19	1
1,2,11,12,19,27	16
1,2,11,12,19,27,29	1
1,2,11,12,27	1
1,2,11,12,27,28	1
1,2,11,15,27	1
1,2,11,19	1
1,2,11,19,26,27	5
1,2,11,19,27	46
1,2,11,19,27,30	19
1,2,11,27	15
1,2,12,19	2
1,2,12,19,26,27	1
1,2,12,19,27	2
1,2,12,27	3
1,2,13,15,27,28	1
1,2,13,27	4
1,2,15	2
1,2,15,16,22,27	10
1,2,15,16,22,27,28	6
1,2,15,16,26,27	1
1,2,15,16,27	70
1,2,15,16,27,28	11
1,2,15,19,26	2
1,2,15,22,27	1
1,2,15,22,27,28	1
1,2,15,26,27	3
1,2,15,27	78
1,2,15,27,28	15
1,2,16,19,27	1
1,2,16,22,26,27	1
1,2,16,22,27	156
1,2,16,22,27,28	19
1,2,16,25,27	3
1,2,16,26,27	3
1,2,16,27	701
1,2,16,27,28	53
1,2,19	12
1,2,19,25	1
1,2,19,26,27	2
1,2,19,27	139
1,2,19,27,29	1
1,2,19,27,30	3
1,2,21,27	1
1,2,22,27	8
1,2,25	5
1,2,25,26	7
1,2,25,27	2
1,2,26	2
1,2,26,27	2
1,2,27	357
1,2,27,28	31
1,2,27,30	1
1,2,28	1
1,2,3,10,15,27	1
1,2,3,15,27	1
1,2,3,27	2
1,2,3,27,28	1
1,2,3,8,9,12,15,21,22,27,29,30	1
1,2,3,9,15,19,21,22,26,27,29,30	1
1,2,4,11,12,19,26,27	4
1,2,4,11,12,27	1
1,2,4,11,15,19,25,26,27	1
1,2,4,11,15,19,25,27	1
1,2,4,11,15,27	1
1,2,4,11,17,19,27,30	1
1,2,4,11,19,25,26,27	1
1,2,4,11,19,26,27	14
1,2,4,11,19,26,27,29	1
1,2,4,12,14,19,26,27	1
1,2,4,12,19,26,27	12
1,2,4,12,19,26,27,29	1
1,2,4,12,19,27	3
1,2,4,15,27	27
1,2,4,15,27,28	1
1,2,4,16,26,27	1
1,2,4,19	8
1,2,4,19,25,26,27	3
1,2,4,19,25,27	2
1,2,4,19,26,27	44
1,2,4,19,27	40
1,2,4,25,26	1
1,2,4,27	32
1,2,4,27,28	5
1,2,4,5,15,27	18
1,2,4,5,15,27,28	5
1,2,4,5,27	5
1,2,4,5,6,11,15,19,25,26,27	15
1,2,4,5,6,11,15,19,25,26,27,28	1
1,2,4,5,6,11,15,25,26,27	1
1,2,4,5,6,11,19,25,26,27	5
1,2,4,5,6,11,19,25,26,27,28	2
1,2,4,5,6,15,19,25,26,27	21
1,2,4,5,6,15,19,25,26,27,28	2
1,2,4,5,6,15,19,25,27	1
1,2,4,5,6,19,25,26,27	11
1,2,4,5,6,7,11,15,19,25,26,27	4
1,2,4,5,6,7,11,15,19,25,26,27,28	1
1,2,4,5,6,7,15,19,25,26,27	2
1,2,4,5,6,7,15,19,25,26,27,28	1
1,2,4,5,6,8,15,26,27	1
1,2,4,5,7,15,26,27	1
1,2,4,5,7,15,27	5
1,2,4,5,7,15,27,28	1
1,2,4,6	1
1,2,4,6,10,15,19,25,26,27,28	1
1,2,4,6,10,16,25,26,27	1
1,2,4,6,10,25,26	21
1,2,4,6,10,25,26,27	39
1,2,4,6,10,25,26,27,28	3
1,2,4,6,11,15,19,25,26,27	3
1,2,4,6,11,15,19,25,26,27,28	1
1,2,4,6,11,19,21,25,26,27	1
1,2,4,6,11,19,25,26	1
1,2,4,6,11,19,25,26,27	24
1,2,4,6,11,19,25,26,27,28	6
1,2,4,6,11,19,25,27	3
1,2,4,6,11,19,26	1
1,2,4,6,11,19,26,27	7
1,2,4,6,11,19,26,27,30	1
1,2,4,6,11,25,26,27	5
1,2,4,6,11,26,27	2
1,2,4,6,12,19,26,27	1
1,2,4,6,13,15,19,25,26,27	1
1,2,4,6,15,19,25,26,27	2
1,2,4,6,16,19,25,26,27	1
1,2,4,6,16,22,25,26,27	17
1,2,4,6,16,22,25,26,27,28	7
1,2,4,6,16,25,26,27	265
1,2,4,6,16,25,26,27,28	22
1,2,4,6,16,25,27	2
1,2,4,6,17,19,26,27,30	1
1,2,4,6,19,25	1
1,2,4,6,19,25,26,27	27
1,2,4,6,19,25,26,27,28	7
1,2,4,6,19,25,27	4
1,2,4,6,19,26	1
1,2,4,6,19,26,27	46
1,2,4,6,19,26,27,30	19
1,2,4,6,22,25,26,27	21
1,2,4,6,22,25,26,27,28	2
1,2,4,6,25	10
1,2,4,6,25,26	128
1,2,4,6,25,26,27	639
1,2,4,6,25,26,27,28	41
1,2,4,6,25,27	11
1,2,4,6,25,27,28	1
1,2,4,6,25,28	1
1,2,4,6,26	8
1,2,4,6,26,27	23
1,2,4,6,26,27,30	4
1,2,4,6,27	3
1,2,4,6,7,10,16,25,26,27	5
1,2,4,6,7,10,25,26	9
1,2,4,6,7,10,25,26,27	11
1,2,4,6,7,11,25,26,27	1
1,2,4,6,7,13,15,19,25,26,27,28	1
1,2,4,6,7,15,19,25,26,27,28	2
1,2,4,6,7,16,19,25,26,27	1
1,2,4,6,7,16,22,25,26,27	17
1,2,4,6,7,16,22,25,26,27,28	2
1,2,4,6,7,16,25,26,27	50
1,2,4,6,7,16,25,26,27,28	12
1,2,4,6,7,19,25,26,27	4
1,2,4,6,7,19,25,26,27,28	2
1,2,4,6,7,22,25,26,27	5
1,2,4,6,7,22,25,26,27,28	2
1,2,4,6,7,25	1
1,2,4,6,7,25,26	55
1,2,4,6,7,25,26,27	111
1,2,4,6,7,25,26,27,28	28
1,2,4,6,7,25,27	3
1,2,4,6,7,26	5
1,2,4,6,7,26,27	3
1,2,4,6,7,8,10,16,25,26,27	1
1,2,4,6,7,8,10,16,25,26,27,28	1
1,2,4,6,7,8,10,25,26,27	2
1,2,4,6,7,8,16,17,22,25,26,27	2
1,2,4,6,7,8,16,17,25,26,27	1
1,2,4,6,7,8,16,22,25,26,27	34
1,2,4,6,7,8,16,22,25,26,27,28	6
1,2,4,6,7,8,16,25,26,27	66
1,2,4,6,7,8,16,25,26,27,28	17
1,2,4,6,7,8,17,25,26,27	3
1,2,4,6,7,8,17,25,26,27,28	1
1,2,4,6,7,8,22,25,26,27	5
1,2,4,6,7,8,25,26,27	48
1,2,4,6,7,8,25,26,27,28	12
1,2,4,6,7,8,25,27	1
1,2,4,6,8,10,25,26,27	1
1,2,4,6,8,11,15,17,19,25,26,27	1
1,2,4,6,8,11,16,25,26,27	2
1,2,4,6,8,11,19,25,26,27	2
1,2,4,6,8,11,19,25,26,27,28	1
1,2,4,6,8,12,19,26,27	2
1,2,4,6,8,15,16,17,25,26,27,28	1
1,2,4,6,8,15,16,19,25,26,27	1
1,2,4,6,8,15,19,25,26,27,28	1
1,2,4,6,8,16,17,19,25,26,27	1
1,2,4,6,8,16,17,25,26,27	11
1,2,4,6,8,16,17,25,26,27,28	5
1,2,4,6,8,16,19,25,26,27	4
1,2,4,6,8,16,22,25,26,27	28
1,2,4,6,8,16,22,25,26,27,28	8
1,2,4,6,8,16,25,26,27	142
1,2,4,6,8,16,25,26,27,28	21
1,2,4,6,8,17,22,25,26,27,28	2
1,2,4,6,8,17,25,26,27	13
1,2,4,6,8,17,25,26,27,28	4
1,2,4,6,8,19,25,26,27	3
1,2,4,6,8,19,25,26,27,28	1
1,2,4,6,8,22,25,26,27	18
1,2,4,6,8,22,25,26,27,28	4
1,2,4,6,8,25,26,27	175
1,2,4,6,8,25,26,27,28	26
1,2,4,7,13,15,27,28	1
1,2,4,7,15,26,27	1
1,2,4,7,8,15,16,27	1
1,2,4,8,11,15,16,17,27	1
1,2,4,8,11,16,19,25,26,27	1
1,2,4,8,11,19,26,27	1
1,2,4,8,12,19,26,27	4
1,2,4,8,15,16,19,25,26,27	1
1,2,4,8,19,26,27	11
1,2,5	1
1,2,5,11,12,19,27	1
1,2,5,11,15,27	1
1,2,5,15,19,27,30	1
1,2,5,15,27	8
1,2,5,15,27,28	1
1,2,5,19,27	1
1,2,5,27	6
1,2,5,7,15,27	3
1,2,5,7,15,27,28	1
1,2,6	6
1,2,6,10,25,26	31
1,2,6,10,25,26,27	5
1,2,6,10,25,27	1
1,2,6,11,25,26	1
1,2,6,15,19,25,26,27	2
1,2,6,15,25,26,27	1
1,2,6,16,22,25,26,27	2
1,2,6,16,22,25,26,27,28	1
1,2,6,16,25	1
1,2,6,16,25,26	1
1,2,6,16,25,26,27	14
1,2,6,16,25,26,27,28	3
1,2,6,17,25,26	1
1,2,6,19,25,26,27	1
1,2,6,19,25,26,27,28	1
1,2,6,19,25,27	2
1,2,6,19,26,27	2
1,2,6,22,25,26,27	4
1,2,6,22,25,26,27,28	1
1,2,6,25	29
1,2,6,25,26	795
1,2,6,25,26,27	90
1,2,6,25,26,27,28	5
1,2,6,25,27	3
1,2,6,26	170
1,2,6,26,27	18
1,2,6,27	1
1,2,6,7	1
1,2,6,7,10,25,26	4
1,2,6,7,10,25,26,27	1
1,2,6,7,13,19,25,26,27	1
1,2,6,7,15,19,25,26,27,28	1
1,2,6,7,16,25,26,27	2
1,2,6,7,19,25	1
1,2,6,7,25	6
1,2,6,7,25,26	220
1,2,6,7,25,26,27	19
1,2,6,7,25,27	1
1,2,6,7,26	27
1,2,6,7,26,27	1
1,2,6,8,15,16,19,25,26,27	1
1,2,6,8,15,16,25,26,27	2
1,2,6,8,16,17,25,26,27	3
1,2,6,8,16,22,25,26,27	4
1,2,6,8,16,22,25,26,27,28	1
1,2,6,8,16,25,26,27	9
1,2,6,8,16,25,26,27,28	1
1,2,6,8,17,25,26,27	5
1,2,6,8,19,25,26,27	1
1,2,6,8,22,25,26,27	3
1,2,6,8,25,26,27	23
1,2,6,8,25,26,27,28	4
1,2,7,10,15,16,27	17
1,2,7,10,15,16,27,28	1
1,2,7,12,15	1
1,2,7,13,15	1
1,2,7,13,15,26,27	1
1,2,7,13,15,27	6
1,2,7,13,15,27,28	6
1,2,7,15	1
1,2,7,15,16,22,27	36
1,2,7,15,16,22,27,28	7
1,2,7,15,16,27	119
1,2,7,15,16,27,28	30
1,2,7,15,22,27	9
1,2,7,15,22,27,28	1
1,2,7,15,27	55
1,2,7,15,27,28	28
1,2,7,8,10,15,16,27	3
1,2,7,8,10,15,16,27,28	1
1,2,7,8,15,16,17,22,27	3
1,2,7,8,15,16,17,27	3
1,2,7,8,15,16,17,27,28	1
1,2,7,8,15,16,22,26,27	1
1,2,7,8,15,16,22,27	104
1,2,7,8,15,16,22,27,28	26
1,2,7,8,15,16,26,27,28	2
1,2,7,8,15,16,27	61
1,2,7,8,15,16,27,28	12
1,2,7,8,15,22,27	1
1,2,7,8,15,22,27,28	1
1,2,7,8,15,27	3
1,2,8	2
1,2,8,10,15,16,27	1
1,2,8,10,16,27	1
1,2,8,10,16,27,28	2
1,2,8,11	1
1,2,8,11,12,19,27	9
1,2,8,11,19,27,30	3
1,2,8,12,19,27	1
1,2,8,15	1
1,2,8,15,16,17,22,27	6
1,2,8,15,16,17,22,27,28	3
1,2,8,15,16,17,27	8
1,2,8,15,16,17,27,28	1
1,2,8,15,16,19,22,27,28	1
1,2,8,15,16,22,26,27	2
1,2,8,15,16,22,27	57
1,2,8,15,16,22,27,28	9
1,2,8,15,16,25,27	1
1,2,8,15,16,27	52
1,2,8,15,16,27,28	11
1,2,8,15,17,27	2
1,2,8,15,22,27	2
1,2,8,15,27	5
1,2,8,15,27,28	1
1,2,8,15,27,30	1
1,2,8,16,17,22,27	4
1,2,8,16,17,22,27,28	2
1,2,8,16,17,27	15
1,2,8,16,17,27,28	5
1,2,8,16,19,27	1
1,2,8,16,22,27	122
1,2,8,16,22,27,28	21
1,2,8,16,26,27	1
1,2,8,16,26,27,28	1
1,2,8,16,27	201
1,2,8,16,27,28	26
1,2,8,19	3
1,2,8,19,26,27	1
1,2,8,19,27	20
1,2,8,22	1
1,2,8,22,27	2
1,2,8,26,27	2
1,2,8,27	29
1,2,8,27,28	3
1,22	135
1,22,26,27	174
1,22,26,27,28	11
1,22,27	108
1,22,27,28	3
1,22,28	1
1,24	1
1,25	1097915
1,25,26	7747
1,25,26,27	2138
1,25,27	6940
1,25,28	1
1,26	84250
1,26,27	88891
1,26,27,28	1264
1,26,28	20
1,27	64405
1,27,28	389
1,28	421
1,3,26,27	1
1,3,27	1
1,3,27,28	1
1,3,4,19,25,26,27	1
1,3,4,6,11,19,25,26,27	1
1,3,4,6,11,19,25,26,27,28	1
1,3,4,6,19,25,26,27	1
1,3,4,6,19,25,26,27,28	1
1,3,6,15,19,25,26,27	1
1,4	177
1,4,11,12,19,26,27	1
1,4,11,12,19,27	1
1,4,11,15,19,25,26	1
1,4,11,15,19,25,26,27	1
1,4,11,16,17,27	1
1,4,11,16,19,25	1
1,4,11,16,25	1
1,4,11,19	1
1,4,11,19,25	4
1,4,11,19,25,26	6
1,4,11,19,25,26,27	63
1,4,11,19,25,26,27,28	4
1,4,11,19,25,27	7
1,4,11,19,26	4
1,4,11,19,26,27	9
1,4,11,19,27	2
1,4,11,25,26,27	1
1,4,11,25,27	1
1,4,11,27	7
1,4,12,19	4
1,4,12,19,26,27	15
1,4,12,19,27	2
1,4,15,19	5
1,4,15,19,25,26	4
1,4,15,19,26	51
1,4,15,27	10
1,4,16,19,25,26,27	1
1,4,16,25	137
1,4,16,25,26	33
1,4,16,25,26,27	65
1,4,16,25,27	50
1,4,16,26	1
1,4,16,27	19
1,4,16,27,28	1
1,4,17,19,26	3
1,4,19	38
1,4,19,25	11
1,4,19,25,26	16
1,4,19,25,26,27	63
1,4,19,25,26,27,28	2
1,4,19,25,27	15
1,4,19,26	407
1,4,19,26,27	83
1,4,19,27	43
1,4,25	247
1,4,25,26	73
1,4,25,26,27	263
1,4,25,26,27,28	1
1,4,25,27	64
1,4,26	36
1,4,26,27	128
1,4,27	596
1,4,27,28	9
1,4,5,11,19,25,26,27	2
1,4,5,15,19,25,26,27	1
1,4,5,15,27	1
1,4,5,15,27,28	1
1,4,5,19,25,26,27	1
1,4,5,26,27	1
1,4,5,27	21
1,4,5,27,28	1
1,4,5,6,11,15,19,25,26,27	13
1,4,5,6,11,15,19,25,26,27,28	1
1,4,5,6,11,15,25,26,27	1
1,4,5,6,11,19,25,26,27	46
1,4,5,6,11,19,25,26,27,28	2
1,4,5,6,11,19,25,27	5
1,4,5,6,15,19,25,26,27	13
1,4,5,6,15,19,25,26,27,28	2
1,4,5,6,19,25	1
1,4,5,6,19,25,26,27	78
1,4,5,6,19,25,26,27,28	1
1,4,5,6,19,25,27	7
1,4,5,6,25,26,27	4
1,4,5,6,25,27	1
1,4,5,6,26,27	2
1,4,5,6,7,11,15,19,25,26,27	3
1,4,5,6,7,15,19,25,26,27	2
1,4,5,6,7,15,19,25,26,27,28	1
1,4,5,6,8,19,25,26,27	4
1,4,6	33
1,4,6,10,16,25	1
1,4,6,10,16,25,26,27	49
1,4,6,10,16,25,26,27,28	3
1,4,6,10,16,25,27	6
1,4,6,10,19,25,26,27	1
1,4,6,10,19,25,26,27,28	1
1,4,6,10,25,26	26
1,4,6,10,25,26,27	139
1,4,6,10,25,26,27,28	6
1,4,6,10,25,27	14
1,4,6,10,26,27	2
1,4,6,11,12,19,25,26,27,28	1
1,4,6,11,13,19,26	1
1,4,6,11,15,19,25,26,27	26
1,4,6,11,15,25,26,27	2
1,4,6,11,16,19,25,26,27	10
1,4,6,11,16,25,26	2
1,4,6,11,16,25,26,27	10
1,4,6,11,16,25,26,27,28	1
1,4,6,11,16,25,27	2
1,4,6,11,17,19,25,26,27	1
1,4,6,11,17,25,26,27	1
1,4,6,11,19,25	13
1,4,6,11,19,25,26	24
1,4,6,11,19,25,26,27	581
1,4,6,11,19,25,26,27,28	29
1,4,6,11,19,25,26,28	1
1,4,6,11,19,25,27	53
1,4,6,11,19,25,27,28	1
1,4,6,11,19,26,27	3
1,4,6,11,19,26,27,30	1
1,4,6,11,25	9
1,4,6,11,25,26	15
1,4,6,11,25,26,27	63
1,4,6,11,25,27	11
1,4,6,11,26	2
1,4,6,12,19,25,27	1
1,4,6,12,19,26,27	2
1,4,6,13,15,19,25,26,27	1
1,4,6,13,19,25,26	1
1,4,6,13,19,25,26,27	3
1,4,6,13,19,25,26,27,28	1
1,4,6,13,19,26	1
1,4,6,15,16,25,26,27	1
1,4,6,15,17,25,26,27	1
1,4,6,15,19	3
1,4,6,15,19,25	1
1,4,6,15,19,25,26,27	27
1,4,6,15,19,25,26,27,28	5
1,4,6,15,19,25,27	4
1,4,6,15,19,26	14
1,4,6,15,19,26,27	1
1,4,6,15,25	1
1,4,6,15,25,26,27	4
1,4,6,16,17,25,26,27	2
1,4,6,16,19,22,25,26,27	1
1,4,6,16,19,25	2
1,4,6,16,19,25,26	5
1,4,6,16,19,25,26,27	200
1,4,6,16,19,25,26,27,28	2
1,4,6,16,19,25,27	3
1,4,6,16,22,25,26	1
1,4,6,16,22,25,26,27	151
1,4,6,16,22,25,26,27,28	18
1,4,6,16,25	261
1,4,6,16,25,26	235
1,4,6,16,25,26,27	19257
1,4,6,16,25,26,27,28	189
1,4,6,16,25,27	282
1,4,6,16,25,27,28	1
1,4,6,16,26,27	3
1,4,6,17,19,25	1
1,4,6,17,25	1
1,4,6,17,25,26	6
1,4,6,17,25,26,27	6
1,4,6,17,26,27	1
1,4,6,19	9
1,4,6,19,22,25,26,27	1
1,4,6,19,25	54
1,4,6,19,25,26	61
1,4,6,19,25,26,27	1106
1,4,6,19,25,26,27,28	26
1,4,6,19,25,27	109
1,4,6,19,25,27,28	6
1,4,6,19,25,28	2
1,4,6,19,26	21
1,4,6,19,26,27	47
1,4,6,19,26,27,30	3
1,4,6,19,27	13
1,4,6,22,25,26	2
1,4,6,22,25,26,27	195
1,4,6,22,25,26,27,28	12
1,4,6,25	746
1,4,6,25,26	2191
1,4,6,25,26,27	36592
1,4,6,25,26,27,28	435
1,4,6,25,26,28	3
1,4,6,25,27	1084
1,4,6,25,27,28	8
1,4,6,25,28	2
1,4,6,26	520
1,4,6,26,27	335
1,4,6,27	10
1,4,6,27,28	1
1,4,6,7	3
1,4,6,7,10,16,25,26,27	1
1,4,6,7,10,16,25,26,27,28	1
1,4,6,7,10,25,26	4
1,4,6,7,10,25,26,27	5
1,4,6,7,11,13,19,25,26,27,28	2
1,4,6,7,11,15,19,25,26,27	2
1,4,6,7,11,16,25,26	1
1,4,6,7,11,19,25	1
1,4,6,7,11,19,25,26,27,28	1
1,4,6,7,11,25	1
1,4,6,7,11,25,26	2
1,4,6,7,11,25,26,27	1
1,4,6,7,13,15,19,25,26,27	1
1,4,6,7,15,19,25,26	1
1,4,6,7,15,19,25,26,27	3
1,4,6,7,15,19,25,26,27,28	2
1,4,6,7,15,25,26,27	1
1,4,6,7,16,22,25,26,27	15
1,4,6,7,16,22,25,26,27,28	8
1,4,6,7,16,25	2
1,4,6,7,16,25,26,27	276
1,4,6,7,16,25,26,27,28	13
1,4,6,7,16,25,27	1
1,4,6,7,17,25,26	2
1,4,6,7,17,25,26,27	1
1,4,6,7,17,25,27	1
1,4,6,7,19,25,26,27	2
1,4,6,7,19,25,26,27,28	2
1,4,6,7,19,25,27	2
1,4,6,7,22,25,26,27	12
1,4,6,7,22,25,26,27,28	2
1,4,6,7,25	15
1,4,6,7,25,26	116
1,4,6,7,25,26,27	337
1,4,6,7,25,26,27,28	36
1,4,6,7,25,27	14
1,4,6,7,26	26
1,4,6,7,26,27	16
1,4,6,7,27	2
1,4,6,7,8,15,19,25,26,27,28	1
1,4,6,7,8,16,17,25,26,27	1
1,4,6,7,8,16,22,25,26,27	17
1,4,6,7,8,16,22,25,26,27,28	3
1,4,6,7,8,16,25,26,27	39
1,4,6,7,8,16,25,26,27,28	11
1,4,6,7,8,17,25,26,27	1
1,4,6,7,8,22,25,26,27	4
1,4,6,7,8,22,25,26,27,28	2
1,4,6,7,8,25,26,27	48
1,4,6,7,8,25,26,27,28	5
1,4,6,8,10,16,25,26,27	2
1,4,6,8,10,25,26,27	2
1,4,6,8,11,15,17,19,25,26,27	1
1,4,6,8,11,15,17,25,26,27	1
1,4,6,8,11,16,19,25,26,27	2
1,4,6,8,11,17,19,25,26,27	1
1,4,6,8,11,19,25,26,27	9
1,4,6,8,11,25,26,27	1
1,4,6,8,15,16,19,25,26,27	1
1,4,6,8,15,16,25,26,27	1
1,4,6,8,15,17,19,25,27	1
1,4,6,8,15,19	1
1,4,6,8,15,19,25,26	3
1,4,6,8,15,19,26	12
1,4,6,8,15,25,26,27	1
1,4,6,8,16,17,19,25,26,27	1
1,4,6,8,16,17,25,26,27	17
1,4,6,8,16,17,25,26,27,28	1
1,4,6,8,16,19,25,26	1
1,4,6,8,16,19,25,26,27	9
1,4,6,8,16,22,25,26,27	33
1,4,6,8,16,22,25,26,27,28	2
1,4,6,8,16,25,26,27	798
1,4,6,8,16,25,26,27,28	80
1,4,6,8,17,19,25,26,27	3
1,4,6,8,17,19,26	1
1,4,6,8,17,25,26,27	20
1,4,6,8,19	2
1,4,6,8,19,25	2
1,4,6,8,19,25,26	2
1,4,6,8,19,25,26,27	24
1,4,6,8,19,25,26,27,28	1
1,4,6,8,19,25,27	1
1,4,6,8,19,26	30
1,4,6,8,19,26,27	2
1,4,6,8,22,25,26,27	31
1,4,6,8,22,25,26,27,28	3
1,4,6,8,25,26	2
1,4,6,8,25,26,27	1215
1,4,6,8,25,26,27,28	84
1,4,6,8,25,27	3
1,4,7,15,26,27	1
1,4,7,15,27	2
1,4,7,19,25,26,27,28	1
1,4,7,25	1
1,4,7,8,15,16,17,27	1
1,4,7,8,15,16,22,27,28	1
1,4,8,11,15,19,25,26,27	1
1,4,8,11,19,26	4
1,4,8,15,16,27	1
1,4,8,15,17,19	2
1,4,8,15,17,19,25,26,27	1
1,4,8,15,17,19,26	2
1,4,8,15,19	8
1,4,8,15,19,25,26	7
1,4,8,15,19,25,26,27	1
1,4,8,15,19,26	46
1,4,8,16,17,27	2
1,4,8,16,25,26,27	1
1,4,8,17,19,26	19
1,4,8,19	36
1,4,8,19,25	3
1,4,8,19,25,26	18
1,4,8,19,26	505
1,4,8,19,26,27	4
1,4,8,22,27	1
1,4,8,25,26,27	1
1,4,8,26	5
1,5	223
1,5,15,27	9
1,5,16,27	1
1,5,26	3
1,5,26,27	15
1,5,27	131
1,5,27,28	1
1,5,6	7
1,5,6,11,19,25	1
1,5,6,11,19,25,26,27	1
1,5,6,19,25	1
1,5,6,19,25,26,27	2
1,5,6,19,25,27	1
1,5,6,26	5
1,5,6,26,27	30
1,5,6,27	12
1,5,7,15,27	2
1,5,7,15,27,28	1
1,5,8,27	2
1,6	4720
1,6,10	4
1,6,10,11,25,26	1
1,6,10,16,19,25,26,27	1
1,6,10,16,25	1
1,6,10,16,25,26	1
1,6,10,16,25,26,27	1
1,6,10,16,25,27	2
1,6,10,25	20
1,6,10,25,26	292
1,6,10,25,26,27	34
1,6,10,25,27	5
1,6,10,26	48
1,6,10,26,27	2
1,6,11	7
1,6,11,15,19,25	2
1,6,11,15,19,25,27	1
1,6,11,16,19,25,26	5
1,6,11,16,19,25,26,27	1
1,6,11,16,25,26	7
1,6,11,16,25,26,27	3
1,6,11,19	15
1,6,11,19,25	32
1,6,11,19,25,26	26
1,6,11,19,25,26,27	41
1,6,11,19,25,26,27,28	1
1,6,11,19,25,27	13
1,6,11,19,26	13
1,6,11,19,26,27	1
1,6,11,19,27	1
1,6,11,25	54
1,6,11,25,26	285
1,6,11,25,26,27	20
1,6,11,25,27	5
1,6,11,26	67
1,6,12,19	1
1,6,13,19,25,26,27	1
1,6,15,19	10
1,6,15,19,25	2
1,6,15,19,25,26	1
1,6,15,19,25,26,27	6
1,6,15,19,25,26,27,28	3
1,6,15,19,26	73
1,6,15,26	1
1,6,16,19,25	5
1,6,16,19,25,26	14
1,6,16,19,25,26,27	17
1,6,16,19,25,27	2
1,6,16,22,25,26,27	16
1,6,16,22,25,26,27,28	1
1,6,16,25	753
1,6,16,25,26	584
1,6,16,25,26,27	2154
1,6,16,25,26,27,28	10
1,6,16,25,27	262
1,6,16,25,27,28	3
1,6,16,25,28	2
1,6,16,26	1
1,6,16,27	1
1,6,17,25,26	1
1,6,19	155
1,6,19,23,25,26,27	1
1,6,19,25	116
1,6,19,25,26	112
1,6,19,25,26,27	139
1,6,19,25,26,27,28	6
1,6,19,25,27	59
1,6,19,25,27,28	2
1,6,19,26	961
1,6,19,26,27	6
1,6,19,27	9
1,6,22,25,26,27	11
1,6,22,25,26,27,28	1
1,6,25	7541
1,6,25,26	59799
1,6,25,26,27	6479
1,6,25,26,27,28	19
1,6,25,26,28	2
1,6,25,27	900
1,6,25,27,28	3
1,6,25,28	1
1,6,26	61811
1,6,26,27	1126
1,6,26,28	1
1,6,27	87
1,6,7	62
1,6,7,10,25	5
1,6,7,10,25,26	18
1,6,7,10,26	2
1,6,7,11,16,25	1
1,6,7,11,25,26	4
1,6,7,15,19,25	1
1,6,7,16,25,26,27	22
1,6,7,16,25,26,27,28	1
1,6,7,16,25,27	1
1,6,7,19,25,26	1
1,6,7,19,25,26,27	5
1,6,7,22,25,26,27	2
1,6,7,25	117
1,6,7,25,26	1050
1,6,7,25,26,27	89
1,6,7,25,26,27,28	2
1,6,7,25,27	2
1,6,7,26	733
1,6,7,26,27	21
1,6,8,10,25,26,27	1
1,6,8,15,17,19	2
1,6,8,15,17,19,25,26	1
1,6,8,15,17,19,26	2
1,6,8,15,19,25,26	1
1,6,8,15,19,26	7
1,6,8,15,25,26,27	2
1,6,8,16,17,25,26,27	2
1,6,8,16,19,25,26,27	1
1,6,8,16,22,25,26,27	5
1,6,8,16,25,26,27	24
1,6,8,16,25,26,27,28	4
1,6,8,17,25,26,27	2
1,6,8,19	1
1,6,8,19,25,26,27	1
1,6,8,19,26	7
1,6,8,22,25,26,27	3
1,6,8,25	1
1,6,8,25,26,27	35
1,6,8,25,26,27,28	5
1,7	6216
1,7,10,15,16,27	9
1,7,10,15,16,27,28	3
1,7,10,15,27	1
1,7,10,25,26	2
1,7,11,13,15,27	1
1,7,11,15,27	1
1,7,13,15,26,27,28	1
1,7,13,15,27	6
1,7,13,15,27,28	5
1,7,15	41
1,7,15,16,19,27,28	1
1,7,15,16,22,27	22
1,7,15,16,22,27,28	7
1,7,15,16,26,27	2
1,7,15,16,27	554
1,7,15,16,27,28	40
1,7,15,22	1
1,7,15,22,27	6
1,7,15,22,27,28	1
1,7,15,25,27	4
1,7,15,26,27	2
1,7,15,27	233
1,7,15,27,28	40
1,7,15,28	2
1,7,25	3
1,7,25,26	8
1,7,26	7
1,7,27	15
1,7,8,10,15,16,22,27,28	1
1,7,8,10,15,16,27	3
1,7,8,15,16,17,27	3
1,7,8,15,16,22,27	19
1,7,8,15,16,22,27,28	5
1,7,8,15,16,25,27	1
1,7,8,15,16,26,27	2
1,7,8,15,16,27	88
1,7,8,15,16,27,28	13
1,7,8,15,27	3
1,7,8,15,27,28	1
1,8	214
1,8,10,15,16,27	3
1,8,10,16,27	6
1,8,10,26,27	19
1,8,10,26,27,28	4
1,8,10,27	2
1,8,11,12,19	3
1,8,11,19,26	1
1,8,11,19,27,30	1
1,8,15,16,17,27	3
1,8,15,16,17,27,28	1
1,8,15,16,19,27	1
1,8,15,16,22,26,27	1
1,8,15,16,22,27	16
1,8,15,16,22,27,28	4
1,8,15,16,27	47
1,8,15,16,27,28	7
1,8,15,17,19,26	3
1,8,15,17,27	3
1,8,15,19	2
1,8,15,19,25,26	3
1,8,15,19,26	15
1,8,15,27	6
1,8,16	1
1,8,16,17,22,27	8
1,8,16,17,27	34
1,8,16,17,27,28	2
1,8,16,19,25,26,27	1
1,8,16,22,27	215
1,8,16,22,27,28	30
1,8,16,25,26,27	17
1,8,16,25,27	1
1,8,16,26,27	6
1,8,16,26,27,28	1
1,8,16,27	1440
1,8,16,27,28	100
1,8,17	1
1,8,17,19,26	2
1,8,17,22,27	1
1,8,17,27	6
1,8,19	13
1,8,19,25	1
1,8,19,25,26	4
1,8,19,26	86
1,8,19,26,27	1
1,8,19,27	6
1,8,22	7
1,8,22,26,27	12
1,8,22,26,27,28	1
1,8,22,27	26
1,8,22,27,28	5
1,8,25	1
1,8,25,26,27	18
1,8,25,27	2
1,8,26	3
1,8,26,27	1745
1,8,26,27,28	226
1,8,27	407
1,8,27,28	32
1,8,28	4
1,9,15,19,21	1
10	20
10,11	1
10,11,25	1
10,11,25,26,27	16
10,11,25,27	2
10,11,26,27	1
10,11,27	3
10,12,15,19,25,26,27,30	1
10,12,15,27	1
10,12,27,30	1
10,15,16,27,28	1
10,15,27	2
10,16,26,27	1
10,16,27	209
10,16,27,28	6
10,21	1
10,21,30	1
10,22,26,27	1
10,25	151
10,25,26	103
10,25,26,27	60
10,25,27	8
10,26	183
10,26,27	577
10,26,27,28	16
10,27	462
10,27,28	9
10,30	1
11	134
11,12	2216
11,12,19	1
11,12,19,25,27	1
11,12,19,27	4
11,12,25,27	1
11,12,26	1
11,12,26,27	7
11,12,27	727
11,13	2
11,13,19,25,26	1
11,15	133
11,15,19,26	3
11,15,25	3
11,15,25,27	2
11,15,26	12
11,15,27	2
11,16	289
11,16,17,27	1
11,16,19,25	13
11,16,19,25,27	5
11,16,25	184
11,16,25,26	3
11,16,25,26,27	2
11,16,25,27	48
11,16,26	2
11,16,27	14
11,17	2
11,17,27	1
11,19	31303
11,19,25	51107
11,19,25,26	72
11,19,25,26,27	27
11,19,25,27	533
11,19,26	1031
11,19,26,27	4
11,19,27	33
11,19,27,28	1
11,19,27,30	2
11,22	15
11,22,25	2
11,22,26	1
11,22,26,27	3
11,22,27	80
11,23	1
11,25	2122054
11,25,26	1297
11,25,26,27	6772
11,25,27	86280
11,26	20252
11,26,27	19443
11,27	479746
11,27,28	2
12	21
12,15	7
12,15,19	12
12,15,19,21	1
12,15,21	1
12,16	8
12,19	81
12,19,25	4
12,19,25,27	1
12,19,27	4
12,21	3
12,25	32
12,25,26,27	1
12,25,27	5
12,26	92
12,26,27	235
12,26,27,30	1
12,27	1300
12,27,29	1
13	421
13,14	6
13,14,17	1
13,14,18	2
13,14,18,20,21,23	29
13,14,18,20,21,23,24	5
13,14,18,20,21,23,24,26	2
13,14,18,20,21,23,26	6
13,14,18,20,21,23,27	2
13,14,18,21,23	8
13,14,18,21,23,24	4
13,14,18,21,24	1
13,14,18,23	4
13,14,18,24	3
13,14,20,21,23,24	4
13,14,20,21,24	1
13,14,21	5
13,14,21,23	10
13,14,21,23,24	5
13,14,21,23,27	2
13,14,21,24	6
13,14,23	3
13,14,23,24	2
13,14,24	3
13,15	2
13,15,27	5
13,18	115
13,18,20,21,23	12
13,18,20,21,23,24	4
13,18,20,21,23,24,27	1
13,18,20,21,23,26	1
13,18,20,21,24	3
13,18,21	22
13,18,21,23	34
13,18,21,23,24	23
13,18,21,23,24,26	1
13,18,21,23,24,26,27	1
13,18,21,23,24,27	1
13,18,21,23,27	1
13,18,21,24	28
13,18,21,24,27	1
13,18,23	338
13,18,23,24	6
13,18,23,26	1
13,18,24	24
13,18,27	1
13,19	1
13,20	165
13,20,21,23	4
13,20,21,23,24	7
13,20,21,24	1
13,20,23	5
13,20,23,24	4
13,20,23,27	1
13,20,24	4
13,20,27	1
13,21	125
13,21,23	121
13,21,23,24	118
13,21,23,24,26	4
13,21,23,24,27	3
13,21,23,26	2
13,21,23,26,27	1
13,21,23,27	7
13,21,24	110
13,21,24,26	2
13,21,24,27	3
13,21,27	4
13,23	314
13,23,24	24
13,23,27	2
13,24	119
13,25	6
13,25,26	1
13,26	35
13,26,27	6
13,27	147
13,27,28	9
14	711
14,15	4
14,15,21,27	1
14,15,27	2
14,18	46
14,18,20	1
14,18,20,21	10
14,18,20,21,23	20
14,18,20,21,23,24	3
14,18,20,21,23,24,26	3
14,18,20,21,23,24,27	1
14,18,20,21,23,26	2
14,18,20,21,23,27	1
14,18,20,21,26	1
14,18,20,21,27	1
14,18,20,24	2
14,18,21	82
14,18,21,23	14
14,18,21,23,24	12
14,18,21,23,24,27	2
14,18,21,23,26	2
14,18,21,23,27	2
14,18,21,24	17
14,18,21,24,27	1
14,18,21,26	1
14,18,23	23
14,18,23,24	4
14,18,24	22
14,20	8
14,20,21	17
14,20,21,23	4
14,20,21,23,24	18
14,20,21,24	2
14,21	395
14,21,23	55
14,21,23,24	54
14,21,23,24,26	2
14,21,23,24,27	3
14,21,23,26	1
14,21,23,27	3
14,21,24	76
14,21,26,27	1
14,21,27	3
14,23	38
14,23,24	15
14,23,24,27	1
14,24	224
14,25	1
14,26	23
14,26,27	9
14,27	162
15	1051
15,16	17
15,16,19	2463
15,16,19,27	1
15,16,22,27	6
15,16,22,27,28	1
15,16,25,27	1
15,16,26,27	1
15,16,27	75
15,16,27,28	10
15,17	43
15,17,27	1
15,19	2852
15,19,21	1
15,19,25	263
15,19,25,26	3
15,19,25,26,27	1
15,19,25,27	5
15,19,26	306
15,22	3
15,22,26,29	1
15,22,27	3
15,22,27,28	2
15,22,29	63
15,25	349
15,25,26	31
15,25,26,27	9
15,25,27	25
15,25,28	2
15,26	2650
15,26,27	49
15,27	869
15,27,28	46
15,27,30	1
15,28	16
15,29	457
15,29,30	1
15,30	1
16	171
16,17,25	1
16,17,25,27	1
16,17,27	26
16,17,27,28	2
16,19	262206
16,19,25	483
16,19,25,26	34
16,19,25,26,27	34
16,19,25,27	97
16,19,27	66
16,22	3
16,22,25,27	6
16,22,26,27	5
16,22,27	3606
16,22,27,28	102
16,25	93480
16,25,26	1285
16,25,26,27	3962
16,25,27	38184
16,25,28	2
16,26	28507
16,26,27	131
16,26,27,28	1
16,27	197509
16,27,28	763
16,28	2
17	877
17,18,23	1
17,18,26	1
17,19	1
17,19,26	1
17,20	1
17,21	10
17,21,23	1
17,23	5
17,25	48
17,25,27	4
17,26	93
17,26,27	88
17,26,27,30	1
17,27	104
17,29	152
18	375
18,19	35
18,20	2
18,20,21	46
18,20,21,23	40
18,20,21,23,24	21
18,20,21,23,24,26	1
18,20,21,23,24,27	3
18,20,21,23,26	3
18,20,21,23,26,27	1
18,20,21,23,27	1
18,20,21,24	10
18,20,23	1
18,20,23,24	9
18,20,24	8
18,20,27	1
18,21	1782
18,21,23	274
18,21,23,24	320
18,21,23,24,26	3
18,21,23,24,27	11
18,21,23,26	2
18,21,23,26,27	3
18,21,23,27	10
18,21,24	1702
18,21,24,26	1
18,21,24,27	15
18,21,26	1
18,21,27	12
18,23	1541
18,23,24	387
18,23,24,27	7
18,23,26	1
18,23,27	1
18,24	5476
18,24,27	13
18,25	1
18,26	2
18,27	24
19	5382
19,21	196
19,25	3026620
19,25,26	2331
19,25,26,27	1003
19,25,26,27,30	2
19,25,27	5071
19,25,27,28	1
19,25,28	3
19,26	42311
19,26,27	129
19,27	777
2	3864
2,10	4
2,10,14,15,21,27	1
2,10,15	1
2,10,15,27	4
2,10,15,27,29	1
2,10,15,27,30	1
2,10,15,30	1
2,10,16,27	7
2,10,26,27	7
2,10,27	11
2,10,27,30	2
2,11	89
2,11,12	42
2,11,12,19,27	1
2,11,12,21,27	1
2,11,12,27	185
2,11,12,27,29	1
2,11,15,27,28	1
2,11,19,27	15
2,11,19,27,30	3
2,11,25	7
2,11,26	9
2,11,26,27	5
2,11,27	123
2,11,27,29	1
2,12	219
2,12,15,27	2
2,12,15,27,29,30	1
2,12,19,27	1
2,12,21	1
2,12,21,27	1
2,12,25,26,27	2
2,12,26	3
2,12,26,27	70
2,12,27	153
2,12,27,29	1
2,12,27,29,30	1
2,12,27,30	3
2,13	63
2,13,14	1
2,13,15,27	1
2,13,18	1
2,13,20	1
2,13,23	1
2,13,23,26	1
2,13,26	1
2,13,26,27	4
2,13,27	27
2,13,27,28	3
2,13,28	1
2,14	44
2,14,15,21	1
2,14,20	13
2,14,21,27	1
2,14,26,27	3
2,14,27	30
2,15	512
2,15,16,22,27	12
2,15,16,27	9
2,15,16,27,28	3
2,15,19	1
2,15,19,25	1
2,15,19,26	3
2,15,21,27,30	1
2,15,22,27	1
2,15,25	3
2,15,25,27	2
2,15,26	20
2,15,26,27	1
2,15,27	234
2,15,27,28	26
2,15,27,29	1
2,15,27,29,30	1
2,15,27,30	2
2,15,28	1
2,15,29	2
2,16,22,25,27	1
2,16,22,26,27	1
2,16,22,27	697
2,16,22,27,28	43
2,16,25	2
2,16,25,27	3
2,16,27	448
2,16,27,28	20
2,17	6
2,17,27	1
2,19	8
2,19,25	28
2,19,25,26	2
2,19,25,27	6
2,19,27	20
2,19,27,30	1
2,20	28
2,20,26,27	1
2,20,27	1
2,21	3
2,21,26,27	1
2,21,27	15
2,21,27,30	5
2,22	359
2,22,25,27	1
2,22,26	4
2,22,26,27	14
2,22,27	573
2,22,27,28	3
2,23	15
2,23,26,27	1
2,23,27	4
2,25	152
2,25,26	17
2,25,26,27	8
2,25,27	24
2,26	1972
2,26,27	1355
2,26,27,28	2
2,26,27,30	2
2,26,28	1
2,27	15681
2,27,28	103
2,27,29	2
2,27,30	16
2,28	8
2,3	25
2,3,11,25	1
2,3,12,15,22,27,29	1
2,3,14,21,27	6
2,3,15	3
2,3,15,19,21,25,26,27,29	1
2,3,15,25,27	2
2,3,15,27	2
2,3,15,27,29	1
2,3,21	2
2,3,21,26,27	1
2,3,21,27	4
2,3,27	47
2,3,27,28	2
2,3,27,29	1
2,3,29	1
2,3,4	4
2,3,4,14,21,27	1
2,3,4,21,26,27	1
2,3,4,21,27	1
2,3,4,26	1
2,3,4,27	4
2,3,4,5,10,15,26,27	1
2,3,4,5,15,19,22,25,26,27,29	1
2,3,4,5,15,22,27,29	1
2,3,4,5,15,27	4
2,3,4,5,15,27,29	1
2,3,4,5,21,27	1
2,3,4,5,27	1
2,3,4,5,6,11,14,15,17,22,25,26,27,29	1
2,3,4,5,6,11,15,17,19,22,25,26,27,29	1
2,3,4,5,6,11,15,17,22,25,26,27,29	1
2,3,4,5,6,11,15,19,25,26,27	4
2,3,4,5,6,11,15,21,25,26,27	1
2,3,4,5,6,11,15,25,26,27	1
2,3,4,5,6,11,17,19,21,22,25,26,27,29	1
2,3,4,5,6,11,19,25,26,27	2
2,3,4,5,6,11,25,26,27	5
2,3,4,5,6,12,15,19,22,25,26,27,29	1
2,3,4,5,6,14,21,25,26,27	1
2,3,4,5,6,15,17,19,22,25,26,27,29	1
2,3,4,5,6,15,19,22,25,26,27,29	2
2,3,4,5,6,15,19,25,26,27	1
2,3,4,5,6,15,25,26,27	1
2,3,4,5,6,15,26,27	1
2,3,4,5,6,15,27	1
2,3,4,5,6,25,26,27	3
2,3,4,5,6,26,27	15
2,3,4,5,6,27	1
2,3,4,5,6,7,9,15,21,26,27,29	1
2,3,4,5,6,8,11,19,25,26,27	1
2,3,4,5,6,8,15,26,27	1
2,3,4,5,6,8,25,26,27	1
2,3,4,5,6,8,26,27	2
2,3,4,5,6,8,9,10,12,15,17,19,21,22,25,26,27,29,30	1
2,3,4,5,6,8,9,10,15,21,26,27,29	1
2,3,4,5,6,8,9,11,12,15,17,19,21,22,25,26,27,29,30	1
2,3,4,5,6,8,9,11,15,17,19,21,22,25,26,27,29,30	2
2,3,4,5,6,8,9,12,15,17,19,21,22,25,26,27,29	1
2,3,4,5,6,8,9,12,15,17,19,21,22,25,26,27,29,30	1
2,3,4,5,6,8,9,12,15,17,21,25,26,27,29,30	1
2,3,4,5,6,8,9,15,17,19,21,22,25,26,27,29,30	2
2,3,4,5,6,8,9,15,17,19,21,25,26,27,29,30	1
2,3,4,5,6,8,9,15,19,21,22,25,26,27,29	2
2,3,4,5,6,8,9,15,21,22,25,26,27,29	1
2,3,4,5,6,8,9,15,21,22,27,29	1
2,3,4,5,6,9,11,12,15,17,19,21,22,25,26,27,29	2
2,3,4,5,6,9,11,15,17,19,21,22,25,26,27,29	2
2,3,4,5,6,9,11,15,17,19,21,22,25,26,27,29,30	2
2,3,4,5,6,9,12,15,21,22,27,29	1
2,3,4,5,6,9,15,17,19,21,22,25,26,27,29	1
2,3,4,5,6,9,15,17,19,22,25,26,27,29	1
2,3,4,5,8,15,22,27,29	1
2,3,4,5,8,15,27	2
2,3,4,5,8,9,10,12,14,15,21,27,29,30	2
2,3,4,5,8,9,10,12,15,21,22,27,29,30	2
2,3,4,5,8,9,10,12,15,21,27,29,30	3
2,3,4,5,8,9,10,14,15,21,22,27,29,30	1
2,3,4,5,8,9,10,15,21,26,27,29,30	1
2,3,4,5,8,9,12,14,15,21,27,29,30	1
2,3,4,5,8,9,12,15,21,22,26,27,29,30	1
2,3,4,5,8,9,12,15,21,22,27,29	2
2,3,4,5,8,9,12,15,21,22,27,29,30	1
2,3,4,5,8,9,12,15,21,27,29,30	3
2,3,4,5,8,9,15,21,22,27,29,30	1
2,3,4,5,9,10,12,14,15,21,26,27,29	1
2,3,4,5,9,10,14,15,21,27,29,30	1
2,3,4,5,9,12,15,21,22,27,29	1
2,3,4,5,9,12,15,21,27,29,30	1
2,3,4,5,9,15,19,22,25,26,27,29	1
2,3,4,6	2
2,3,4,6,11,12,15,19,25,27	1
2,3,4,6,11,15,25,26,27	2
2,3,4,6,11,25,26,27	6
2,3,4,6,14,21,26,27	1
2,3,4,6,15,17,19,21,25,26,27,29,30	1
2,3,4,6,15,19,25	1
2,3,4,6,15,19,25,27,29	1
2,3,4,6,19,25,26,27	1
2,3,4,6,25,26	7
2,3,4,6,25,26,27	5
2,3,4,6,25,27	2
2,3,4,6,26	3
2,3,4,6,26,27	9
2,3,4,6,26,27,28	2
2,3,4,6,7,27	1
2,3,4,6,8,11,15,25,26,27	1
2,3,4,6,8,11,19,25,26,27	1
2,3,4,6,8,11,25,26,27	1
2,3,4,6,8,15,25,26,27	1
2,3,4,6,8,26,27	3
2,3,4,6,8,9,10,11,15,17,19,21,22,25,26,27,29,30	1
2,3,4,6,8,9,10,12,15,17,19,21,22,25,26,27,29,30	1
2,3,4,6,8,9,11,12,15,17,19,21,22,25,26,27,29	1
2,3,4,6,8,9,15,19,21,22,25,26,27,29,30	1
2,3,4,6,9,10,12,15,17,19,21,22,25,26,27,29,30	3
2,3,4,6,9,11,12,15,17,19,21,22,25,26,27,29,30	1
2,3,4,6,9,11,12,15,17,21,22,25,26,27,29,30	1
2,3,4,6,9,12,15,21,22,26,27,29	1
2,3,4,6,9,15,17,19,21,22,25,26,27,29	1
2,3,4,8,9,10,11,12,14,15,21,22,27,29,30	1
2,3,4,8,9,10,12,14,15,21,27,29,30	2
2,3,4,8,9,10,15,21,27,29,30	1
2,3,4,8,9,12,15,21,22,27,29	1
2,3,4,8,9,15,21,22,27,29,30	1
2,3,4,8,9,15,21,27,29	1
2,3,4,8,9,15,21,27,29,30	1
2,3,4,9,10,15,21,27,29,30	1
2,3,4,9,15,21,22,27,29	2
2,3,4,9,15,21,22,27,29,30	1
2,3,5	4
2,3,5,10,12,15,21,27,30	1
2,3,5,11,27	2
2,3,5,14,15,21,22,27,29	1
2,3,5,14,15,21,27,29	1
2,3,5,14,21,27	1
2,3,5,15	1
2,3,5,15,19,21,25,26,27,29	1
2,3,5,15,21,27	1
2,3,5,15,22,27,29	10
2,3,5,15,22,27,29,30	1
2,3,5,15,26,29	1
2,3,5,15,27	8
2,3,5,15,27,29	3
2,3,5,21,22,27,29	2
2,3,5,21,27	1
2,3,5,22,27,29	3
2,3,5,26,27	4
2,3,5,27	102
2,3,5,29	2
2,3,5,6,12,14,27,29	1
2,3,5,6,12,15,19,25,27	1
2,3,5,6,12,15,19,25,27,29	1
2,3,5,6,14,26,27	1
2,3,5,6,15,19,25,26,27	2
2,3,5,6,15,25	2
2,3,5,6,15,26,27	1
2,3,5,6,15,27	3
2,3,5,6,19,25,26,27,29	2
2,3,5,6,26,27	2
2,3,5,6,26,27,29	5
2,3,5,6,27	7
2,3,5,6,8,10,12,15,26	1
2,3,5,6,8,10,15,17,21,25,26,27,29,30	1
2,3,5,6,8,11,12,15,19,21,25,26,27,29,30	1
2,3,5,6,8,15,17,25,26,27,29,30	1
2,3,5,6,8,15,19,25,26,27,30	1
2,3,5,6,8,15,25,26,27	1
2,3,5,6,8,9,10,12,14,15,17,19,21,25,26,27,29,30	1
2,3,5,6,8,9,10,12,15,17,19,21,25,26,27,29,30	1
2,3,5,6,8,9,10,12,15,17,21,25,26,27,29,30	1
2,3,5,6,8,9,10,12,15,19,21,25,26,27,29	1
2,3,5,6,8,9,10,15,17,19,21,25,26,27,29,30	1
2,3,5,6,8,9,10,15,21,26,27,29,30	1
2,3,5,6,8,9,12,15,17,19,21,25,26,27,29,30	1
2,3,5,6,8,9,12,15,17,21,25,26,27,29	1
2,3,5,6,8,9,12,15,17,21,25,26,27,29,30	2
2,3,5,6,8,9,12,15,17,21,26,27,29,30	1
2,3,5,6,8,9,12,15,21,26,27,29,30	1
2,3,5,6,8,9,15,17,19,21,25,26,27,29,30	3
2,3,5,6,9,10,12,15,17,19,21,25,26,27,29,30	1
2,3,5,6,9,10,15,17,19,21,25,26,27,29	1
2,3,5,6,9,12,15,17,19,21,25,26,27,29,30	2
2,3,5,6,9,12,15,17,21,25,26,27,29	1
2,3,5,6,9,12,15,26,29,30	1
2,3,5,6,9,15,17,19,21,25,26,27,29,30	1
2,3,5,6,9,15,17,21,25,26,27,29	1
2,3,5,6,9,15,21,26,27,29,30	1
2,3,5,8,15,27	4
2,3,5,8,15,29,30	1
2,3,5,8,15,30	1
2,3,5,8,27	8
2,3,5,8,9,10,11,12,15,21,22,27,29,30	1
2,3,5,8,9,10,12,14,15,21,27,29,30	1
2,3,5,8,9,10,12,15,21,22,27,29	1
2,3,5,8,9,10,12,15,21,22,27,29,30	3
2,3,5,8,9,10,12,15,21,27,29,30	6
2,3,5,8,9,10,15,21,22,27,29,30	2
2,3,5,8,9,10,15,21,27,29	1
2,3,5,8,9,10,15,21,27,29,30	7
2,3,5,8,9,12,14,15,21,27,29,30	1
2,3,5,8,9,12,15,21,22,27,29,30	1
2,3,5,8,9,12,15,21,27,29	1
2,3,5,8,9,12,15,21,27,29,30	7
2,3,5,8,9,15,21,22,27,29	2
2,3,5,8,9,15,21,22,27,29,30	2
2,3,5,8,9,15,21,25,26,27,29	1
2,3,5,8,9,15,21,26,27,29,30	1
2,3,5,8,9,15,21,27,29	2
2,3,5,8,9,15,21,27,29,30	7
2,3,5,9,10,11,15,21,22,27,29,30	1
2,3,5,9,10,12,14,15,21,22,27,29,30	2
2,3,5,9,10,12,15,21,27,29,30	2
2,3,5,9,12,15,21,22,27,29	1
2,3,5,9,12,15,21,22,27,29,30	1
2,3,5,9,12,15,21,27,29	2
2,3,5,9,12,15,21,27,29,30	2
2,3,5,9,14,15,21,27,29,30	2
2,3,5,9,15,21,22,27,29	6
2,3,5,9,15,21,22,27,29,30	1
2,3,5,9,15,21,27,29	7
2,3,5,9,15,21,27,29,30	2
2,3,5,9,15,21,30	1
2,3,5,9,21,27,29	1
2,3,6,12	1
2,3,6,12,15,17,19,21,25,26,27,29,30	1
2,3,6,12,15,19,25,27	1
2,3,6,15,19,25,26,27	2
2,3,6,15,19,25,27	1
2,3,6,15,21,25,26,27,29	1
2,3,6,15,25	2
2,3,6,15,25,27,29	1
2,3,6,15,26,27	1
2,3,6,15,27,29	1
2,3,6,19,25,26,27	2
2,3,6,25	1
2,3,6,25,26	1
2,3,6,25,26,27	2
2,3,6,26,27	4
2,3,6,27	1
2,3,6,27,29	1
2,3,6,8,10,15,17,19,21,25,26,27,29,30	1
2,3,6,8,10,15,19,21,25,26,27,29	1
2,3,6,8,26,27	1
2,3,6,8,9,10,12,14,15,17,19,21,25,26,27,29,30	1
2,3,6,8,9,10,12,15,17,19,21,25,26,27,29,30	2
2,3,6,8,9,10,12,15,17,19,25,26,27,29,30	1
2,3,6,8,9,10,12,15,17,21,25,26,27,29,30	1
2,3,6,8,9,10,15,17,19,21,25,26,27,29,30	2
2,3,6,8,9,12,15,17,21,26,27,29,30	1
2,3,6,8,9,15,17,19,21,25,26,27,29,30	1
2,3,6,8,9,15,21,25,26,27,29,30	1
2,3,6,9,10,12,15,17,19,21,25,26,27,29,30	1
2,3,6,9,10,12,15,17,19,25,26,27,29,30	1
2,3,6,9,12,15,17,19,21,25,26,27,29,30	1
2,3,6,9,12,15,17,21,25,26,27,29,30	1
2,3,6,9,15,17,21,25,26,27,29	1
2,3,6,9,15,19,21,25,26,27,29	1
2,3,6,9,15,19,25,26,27,29	1
2,3,8	1
2,3,8,15,21,27,29	1
2,3,8,15,27	1
2,3,8,27	1
2,3,8,9,10,11,12,15,21,22,26,27,29,30	1
2,3,8,9,10,12,15,21,27,29	1
2,3,8,9,10,12,15,21,27,29,30	5
2,3,8,9,10,12,15,21,29,30	1
2,3,8,9,10,15,21,27,29	2
2,3,8,9,10,15,21,27,29,30	2
2,3,8,9,12,15,21,22,27,29	3
2,3,8,9,12,15,21,22,27,29,30	1
2,3,8,9,12,15,21,27,29,30	3
2,3,8,9,15,21,22,27,29	3
2,3,8,9,15,21,22,27,29,30	3
2,3,8,9,15,21,27,29,30	5
2,3,8,9,15,21,29	1
2,3,8,9,21,27,29	1
2,3,9,10,12,15,21,22,27,29,30	1
2,3,9,10,12,15,21,27,29,30	1
2,3,9,10,15,21,27,29	1
2,3,9,10,15,21,27,29,30	1
2,3,9,10,15,21,29	1
2,3,9,12,15,17,19,21,25,26,27,29,30	1
2,3,9,12,15,21,22,27,29,30	3
2,3,9,12,15,21,27,29	3
2,3,9,12,15,21,27,29,30	4
2,3,9,15,21,22,27,29	2
2,3,9,15,21,22,27,29,30	1
2,3,9,15,21,27,29	5
2,3,9,15,21,27,29,30	1
2,30	5
2,4	30104
2,4,10	1
2,4,10,15,27,30	1
2,4,10,26,27	2
2,4,11	15
2,4,11,12	1
2,4,11,12,26	1
2,4,11,12,26,27	15
2,4,11,12,27	3
2,4,11,15,19,25,26,27	1
2,4,11,15,27	1
2,4,11,19,25,26,27	1
2,4,11,19,25,27	2
2,4,11,19,26,27	7
2,4,11,22,25,26,27	2
2,4,11,25	1
2,4,11,25,26,27	18
2,4,11,25,27	3
2,4,11,26,27	293
2,4,11,26,27,29	1
2,4,11,27	50
2,4,12	11
2,4,12,15,27	1
2,4,12,26	1
2,4,12,26,27	133
2,4,12,26,27,29	1
2,4,12,27	20
2,4,12,27,30	1
2,4,13	12
2,4,13,20	1
2,4,13,27	3
2,4,14	3
2,4,14,26,27	13
2,4,14,27	1
2,4,15	230
2,4,15,25	3
2,4,15,26,27	3
2,4,15,27	49
2,4,15,27,28	3
2,4,15,28	1
2,4,16,25,26,27	2
2,4,17	1
2,4,18	1
2,4,19,25	5
2,4,19,25,26	1
2,4,19,25,26,27	7
2,4,19,25,27	4
2,4,19,26,27	2
2,4,19,27	3
2,4,20	4
2,4,20,23	1
2,4,20,27	1
2,4,21,26,27	2
2,4,22,25,26,27	3
2,4,22,26	1
2,4,22,26,27	15
2,4,22,27	1
2,4,22,27,28	1
2,4,23	9
2,4,25	27
2,4,25,26	1
2,4,25,26,27	23
2,4,25,27	22
2,4,25,27,28	1
2,4,26	353
2,4,26,27	4440
2,4,26,27,30	1
2,4,26,30	1
2,4,27	2174
2,4,27,28	7
2,4,28	2
2,4,30	1
2,4,5	172
2,4,5,10,15,27	1
2,4,5,10,15,27,29	2
2,4,5,10,15,27,29,30	3
2,4,5,10,15,27,30	3
2,4,5,11,15,25,26,27	1
2,4,5,11,15,27	1
2,4,5,11,19,25,26,27	1
2,4,5,11,21,25,26,27	1
2,4,5,11,25,26,27	6
2,4,5,11,25,26,27,29	1
2,4,5,11,25,27	1
2,4,5,11,26,27	1
2,4,5,11,27	2
2,4,5,13	1
2,4,5,13,23	1
2,4,5,15	1
2,4,5,15,19,22,25,26,27,29	1
2,4,5,15,21,27	1
2,4,5,15,21,27,30	1
2,4,5,15,25,26,27	1
2,4,5,15,26,27	2
2,4,5,15,27	39
2,4,5,15,27,28	1
2,4,5,15,27,29	1
2,4,5,15,27,29,30	1
2,4,5,15,27,30	2
2,4,5,19,25,26,27	2
2,4,5,25,26,27	8
2,4,5,25,27	3
2,4,5,26	9
2,4,5,26,27	39
2,4,5,27	205
2,4,5,27,29	1
2,4,5,6	58
2,4,5,6,10,11,15,19,25,26,27	2
2,4,5,6,10,11,15,25,26,27	9
2,4,5,6,10,11,15,25,26,27,29,30	2
2,4,5,6,10,11,15,25,26,27,30	2
2,4,5,6,10,11,19,25,26,27	3
2,4,5,6,10,11,21,25,26,27,30	1
2,4,5,6,10,11,25,26,27	14
2,4,5,6,10,11,25,26,27,29	2
2,4,5,6,10,15,19,25,26,27	2
2,4,5,6,10,15,25,26,27	3
2,4,5,6,10,15,25,26,27,29	1
2,4,5,6,10,15,25,26,27,29,30	3
2,4,5,6,10,15,25,26,27,30	2
2,4,5,6,10,19,25,26,27	1
2,4,5,6,10,25,26,27	5
2,4,5,6,10,25,26,27,29	4
2,4,5,6,11	1
2,4,5,6,11,12,19,25,26,27	1
2,4,5,6,11,12,21,25,26,27	1
2,4,5,6,11,12,25,26,27	3
2,4,5,6,11,12,25,26,27,29,30	1
2,4,5,6,11,15,19,25,26,27	16
2,4,5,6,11,15,19,25,26,27,28	1
2,4,5,6,11,15,19,25,26,27,29	2
2,4,5,6,11,15,19,25,26,27,30	1
2,4,5,6,11,15,25,26,27	53
2,4,5,6,11,15,25,26,27,29	10
2,4,5,6,11,15,25,26,27,30	5
2,4,5,6,11,15,25,27	2
2,4,5,6,11,15,26,27	1
2,4,5,6,11,17,19,21,22,25,26,27,29	1
2,4,5,6,11,19,25,26,27	52
2,4,5,6,11,19,25,26,27,28	1
2,4,5,6,11,19,25,26,27,29	5
2,4,5,6,11,19,25,26,27,30	1
2,4,5,6,11,19,25,27	1
2,4,5,6,11,21,25,26,27	2
2,4,5,6,11,21,25,26,27,30	2
2,4,5,6,11,23,25,26,27	1
2,4,5,6,11,25	4
2,4,5,6,11,25,26	1
2,4,5,6,11,25,26,27	508
2,4,5,6,11,25,26,27,29	44
2,4,5,6,11,25,26,27,29,30	1
2,4,5,6,11,25,26,27,30	8
2,4,5,6,11,25,27	25
2,4,5,6,11,26,27	5
2,4,5,6,11,26,27,29	1
2,4,5,6,11,27	2
2,4,5,6,11,27,29	1
2,4,5,6,12,15,17,25,26,27,29,30	1
2,4,5,6,12,15,19,25,26,27	1
2,4,5,6,12,25,26,27,29	1
2,4,5,6,13	2
2,4,5,6,13,23	1
2,4,5,6,13,23,26	1
2,4,5,6,13,23,27	1
2,4,5,6,14,15,21,25,26,27	1
2,4,5,6,14,21,25,26,27,30	1
2,4,5,6,15	1
2,4,5,6,15,17,19,22,25,26,27,29	2
2,4,5,6,15,17,22,26,27,29,30	1
2,4,5,6,15,19,21,25,26,27	1
2,4,5,6,15,19,22,25,26,27,29	1
2,4,5,6,15,19,25	1
2,4,5,6,15,19,25,26,27	25
2,4,5,6,15,19,25,26,27,28	1
2,4,5,6,15,19,25,26,27,29	2
2,4,5,6,15,19,25,27	3
2,4,5,6,15,21,25,26,27	2
2,4,5,6,15,22,25,26,27,29	1
2,4,5,6,15,22,25,27,29	1
2,4,5,6,15,25	1
2,4,5,6,15,25,26	1
2,4,5,6,15,25,26,27	112
2,4,5,6,15,25,26,27,28	1
2,4,5,6,15,25,26,27,29	8
2,4,5,6,15,25,26,27,29,30	2
2,4,5,6,15,25,26,27,30	2
2,4,5,6,15,25,27	35
2,4,5,6,15,26	1
2,4,5,6,15,26,27	33
2,4,5,6,15,26,27,28	2
2,4,5,6,15,26,27,29	1
2,4,5,6,15,26,27,30	2
2,4,5,6,15,27	20
2,4,5,6,19,25	1
2,4,5,6,19,25,26,27	64
2,4,5,6,19,25,26,27,28	1
2,4,5,6,19,25,26,27,29	3
2,4,5,6,21,25,26,27	1
2,4,5,6,21,25,26,27,30	2
2,4,5,6,22,25,26,27,29	1
2,4,5,6,23	1
2,4,5,6,25	13
2,4,5,6,25,26	2
2,4,5,6,25,26,27	385
2,4,5,6,25,26,27,29	19
2,4,5,6,25,26,27,29,30	1
2,4,5,6,25,26,27,30	5
2,4,5,6,25,27	68
2,4,5,6,26	45
2,4,5,6,26,27	948
2,4,5,6,26,27,28	3
2,4,5,6,26,27,29	9
2,4,5,6,26,27,30	1
2,4,5,6,27	551
2,4,5,6,27,29	25
2,4,5,6,29	1
2,4,5,6,7	1
2,4,5,6,7,11,15,19,25,26,27	1
2,4,5,6,7,13	2
2,4,5,6,7,13,20,26	1
2,4,5,6,7,13,27	1
2,4,5,6,7,15,25,26,27	1
2,4,5,6,7,15,25,26,27,28	1
2,4,5,6,7,25,26,27	1
2,4,5,6,8,10,11,15,17,19,21,22,25,26,27,29,30	1
2,4,5,6,8,10,11,15,25,26,27	5
2,4,5,6,8,10,11,15,25,26,27,29	2
2,4,5,6,8,10,11,15,25,26,27,30	2
2,4,5,6,8,10,11,25,26,27	2
2,4,5,6,8,10,11,25,26,27,29	1
2,4,5,6,8,10,11,25,26,27,30	1
2,4,5,6,8,10,12,15,21,22,25,26,27,29,30	1
2,4,5,6,8,10,15,19,25,26,27	1
2,4,5,6,8,10,15,25,26,27	1
2,4,5,6,8,10,15,25,26,27,29	2
2,4,5,6,8,10,15,25,26,27,29,30	3
2,4,5,6,8,10,25,26,27	2
2,4,5,6,8,11,15,19,25,26,27	3
2,4,5,6,8,11,15,25,26,27	4
2,4,5,6,8,11,15,25,26,27,29	3
2,4,5,6,8,11,15,25,26,27,30	1
2,4,5,6,8,11,19,25,26,27	1
2,4,5,6,8,11,25,26,27	16
2,4,5,6,8,11,25,26,27,29	3
2,4,5,6,8,11,25,26,27,30	1
2,4,5,6,8,15,19,25,26,27	1
2,4,5,6,8,15,25,26,27	13
2,4,5,6,8,15,25,26,27,29	5
2,4,5,6,8,15,25,26,27,30	1
2,4,5,6,8,15,26,27	4
2,4,5,6,8,19,25,26,27	2
2,4,5,6,8,25,26,27	9
2,4,5,6,8,25,26,27,29	1
2,4,5,6,8,26,27	4
2,4,5,6,8,9,10,12,15,17,19,21,22,25,26,27,29,30	1
2,4,5,6,8,9,11,12,15,17,19,21,22,25,26,27,29	1
2,4,5,6,8,9,11,12,15,17,19,21,22,25,26,27,29,30	2
2,4,5,6,8,9,11,15,17,19,21,25,26,27,29,30	1
2,4,5,6,8,9,15,17,21,22,25,26,27,29	1
2,4,5,6,8,9,15,19,21,22,25,26,27,29	1
2,4,5,6,9,11,15,17,19,21,22,25,26,27,29,30	1
2,4,5,6,9,15,17,19,21,25,26,27,29	1
2,4,5,6,9,15,19,22,25,26,27,29	1
2,4,5,7,13	1
2,4,5,7,13,27	1
2,4,5,7,14,17,18,21,22,23,24,25,26,27	1
2,4,5,7,15,27,28	1
2,4,5,8,10,12,14,15,21,26,27,29,30	1
2,4,5,8,10,14,15,21,27	1
2,4,5,8,10,15,26,27,30	1
2,4,5,8,10,15,27	1
2,4,5,8,10,15,27,29,30	3
2,4,5,8,10,15,27,30	1
2,4,5,8,11,25,26,27	1
2,4,5,8,15,26,27	1
2,4,5,8,15,27	6
2,4,5,8,15,27,29	3
2,4,6	1662
2,4,6,10,11,15,19,25,26,27,29	1
2,4,6,10,11,15,25,26,27	1
2,4,6,10,11,15,25,26,27,30	1
2,4,6,10,11,25,26,27	3
2,4,6,10,12,25,26,27	1
2,4,6,10,15,25,26,27	2
2,4,6,10,15,25,26,27,30	1
2,4,6,10,16,25,26,27	1
2,4,6,10,19,25,26,27	1
2,4,6,10,19,25,26,27,30	1
2,4,6,10,25,26	4
2,4,6,10,25,26,27	17
2,4,6,10,25,27	2
2,4,6,10,26,27	3
2,4,6,10,27	1
2,4,6,11	4
2,4,6,11,12,21,25,27	1
2,4,6,11,12,25,26,27	2
2,4,6,11,12,26,27	1
2,4,6,11,12,27	1
2,4,6,11,15,19,25,26,27	2
2,4,6,11,15,25	1
2,4,6,11,15,25,26,27	16
2,4,6,11,15,25,27	2
2,4,6,11,16,25,26,27	1
2,4,6,11,19,22,25,26,27	2
2,4,6,11,19,25	4
2,4,6,11,19,25,26,27	27
2,4,6,11,19,25,26,27,28	1
2,4,6,11,19,25,27	5
2,4,6,11,19,26,27	1
2,4,6,11,19,26,27,30	1
2,4,6,11,21,25,26,27	1
2,4,6,11,22,25,26,27	19
2,4,6,11,22,26,27	1
2,4,6,11,25	16
2,4,6,11,25,26	5
2,4,6,11,25,26,27	259
2,4,6,11,25,26,27,28	2
2,4,6,11,25,26,27,29	1
2,4,6,11,25,26,27,30	1
2,4,6,11,25,27	50
2,4,6,11,26	1
2,4,6,11,26,27	99
2,4,6,11,26,27,30	1
2,4,6,11,27	51
2,4,6,12	2
2,4,6,12,15,25,26,27	1
2,4,6,12,15,27	1
2,4,6,12,25,26,27	2
2,4,6,12,26,27	12
2,4,6,12,27	3
2,4,6,13	4
2,4,6,13,15,26	1
2,4,6,13,15,26,27	2
2,4,6,13,20,23,26	1
2,4,6,13,23,27	2
2,4,6,13,25,26,27	1
2,4,6,13,26	1
2,4,6,13,26,27	2
2,4,6,13,27	1
2,4,6,14	2
2,4,6,14,26,27	5
2,4,6,15	3
2,4,6,15,19,25,26,27	6
2,4,6,15,19,25,26,27,28	2
2,4,6,15,19,25,27	3
2,4,6,15,19,25,27,28	1
2,4,6,15,22,25,26,27,29	1
2,4,6,15,25	7
2,4,6,15,25,26	2
2,4,6,15,25,26,27	35
2,4,6,15,25,26,27,28	10
2,4,6,15,25,26,27,29	1
2,4,6,15,25,26,27,30	1
2,4,6,15,25,27	14
2,4,6,15,26	3
2,4,6,15,26,27	32
2,4,6,15,26,27,28	2
2,4,6,15,26,27,30	1
2,4,6,15,27	37
2,4,6,15,27,28	1
2,4,6,16,19,22,25,26,27	3
2,4,6,16,19,25,26,27	4
2,4,6,16,22,25,26,27	55
2,4,6,16,22,25,26,27,28	9
2,4,6,16,25	10
2,4,6,16,25,26	2
2,4,6,16,25,26,27	703
2,4,6,16,25,26,27,28	34
2,4,6,16,25,27	21
2,4,6,16,25,28	1
2,4,6,16,26,27	1
2,4,6,17	1
2,4,6,17,19,25	1
2,4,6,17,25,27	2
2,4,6,17,26,27	2
2,4,6,19,22,25,26,27	4
2,4,6,19,25	15
2,4,6,19,25,26	10
2,4,6,19,25,26,27	114
2,4,6,19,25,26,27,28	9
2,4,6,19,25,27	21
2,4,6,19,25,27,28	1
2,4,6,19,25,28	1
2,4,6,19,26	1
2,4,6,19,26,27	22
2,4,6,19,26,27,30	2
2,4,6,19,27	2
2,4,6,20,27	1
2,4,6,21,25,26,27,30	2
2,4,6,21,26,27	1
2,4,6,22,25,26,27	47
2,4,6,22,25,26,27,28	1
2,4,6,22,26	1
2,4,6,22,26,27	304
2,4,6,22,27	2
2,4,6,23	4
2,4,6,23,26,27	1
2,4,6,23,27	3
2,4,6,25	173
2,4,6,25,26	103
2,4,6,25,26,27	1719
2,4,6,25,26,27,28	59
2,4,6,25,26,27,29	3
2,4,6,25,26,27,30	1
2,4,6,25,26,28	1
2,4,6,25,27	261
2,4,6,25,27,28	9
2,4,6,25,27,29	1
2,4,6,25,27,30	1
2,4,6,25,28	4
2,4,6,26	342
2,4,6,26,27	6200
2,4,6,26,27,28	32
2,4,6,26,27,30	3
2,4,6,27	1405
2,4,6,27,28	1
2,4,6,28	1
2,4,6,7	42
2,4,6,7,10,25,26	1
2,4,6,7,11,15,25,26,27	1
2,4,6,7,11,15,25,26,27,28	1
2,4,6,7,11,25,26,27	7
2,4,6,7,11,25,26,27,28	3
2,4,6,7,11,25,27	1
2,4,6,7,11,26,27	1
2,4,6,7,13,15,26,27	2
2,4,6,7,13,20	1
2,4,6,7,13,20,23	1
2,4,6,7,13,26,27	2
2,4,6,7,15,16,25,26,27	2
2,4,6,7,15,19,25	1
2,4,6,7,15,19,25,26,27	5
2,4,6,7,15,19,25,26,27,28	3
2,4,6,7,15,19,25,27	1
2,4,6,7,15,22,25,26,27	1
2,4,6,7,15,25	1
2,4,6,7,15,25,26,27	3
2,4,6,7,15,26,27	13
2,4,6,7,15,26,27,28	2
2,4,6,7,16,22,25,26,27	8
2,4,6,7,16,22,25,26,27,28	1
2,4,6,7,16,25,26,27	33
2,4,6,7,16,25,26,27,28	5
2,4,6,7,17,27	1
2,4,6,7,19,25,26,27	5
2,4,6,7,19,25,26,27,28	2
2,4,6,7,20,23	1
2,4,6,7,22,25,26,27	1
2,4,6,7,23	1
2,4,6,7,23,27	1
2,4,6,7,25	1
2,4,6,7,25,26	11
2,4,6,7,25,26,27	104
2,4,6,7,25,26,27,28	14
2,4,6,7,25,27	5
2,4,6,7,25,27,28	2
2,4,6,7,26	4
2,4,6,7,26,27	54
2,4,6,7,26,27,28	9
2,4,6,7,27	23
2,4,6,7,27,28	1
2,4,6,7,8,16,22,25,26,27	8
2,4,6,7,8,16,22,25,26,27,28	3
2,4,6,7,8,16,25,26,27	29
2,4,6,7,8,16,25,26,27,28	8
2,4,6,7,8,22,25,26,27	2
2,4,6,7,8,25,26,27	5
2,4,6,7,8,25,26,27,28	1
2,4,6,8	1
2,4,6,8,10,22,25,26,27	1
2,4,6,8,10,25,26,27	1
2,4,6,8,11,12,26,27	1
2,4,6,8,11,15,17,25,26,27	1
2,4,6,8,11,15,25,26,27	10
2,4,6,8,11,17,25,26,27	11
2,4,6,8,11,19,25,26,27	4
2,4,6,8,11,25,26,27	77
2,4,6,8,11,26,27	5
2,4,6,8,12,25,26,27,30	1
2,4,6,8,12,26,27	6
2,4,6,8,15,16,22,25,26,27	1
2,4,6,8,15,16,25,26,27	1
2,4,6,8,15,17,25,26,27	2
2,4,6,8,15,25,26,27	10
2,4,6,8,15,25,26,27,28	4
2,4,6,8,15,25,26,27,29	1
2,4,6,8,15,26,27	1
2,4,6,8,16,17,25,26,27	8
2,4,6,8,16,17,25,26,27,28	1
2,4,6,8,16,19,22,25,26,27	1
2,4,6,8,16,19,25,26,27	4
2,4,6,8,16,22,25,26,27	19
2,4,6,8,16,22,25,26,27,28	1
2,4,6,8,16,25,26,27	246
2,4,6,8,16,25,26,27,28	33
2,4,6,8,16,25,27	2
2,4,6,8,17,25,26,27	16
2,4,6,8,17,25,26,27,28	1
2,4,6,8,17,26,27	3
2,4,6,8,19,25,26,27	5
2,4,6,8,19,25,26,27,28	1
2,4,6,8,22,25,26,27	5
2,4,6,8,25,26,27	294
2,4,6,8,25,26,27,28	14
2,4,6,8,25,26,27,29	1
2,4,6,8,25,27	1
2,4,6,8,26	3
2,4,6,8,26,27	159
2,4,6,8,27	4
2,4,6,8,9,12,15,17,19,21,22,25,26,27,29,30	1
2,4,6,8,9,12,15,17,19,21,25,26,27,29,30	1
2,4,6,8,9,15,19,21,22,25,26,27,29	1
2,4,6,9,11,15,17,19,21,22,25,26,27,29,30	1
2,4,6,9,12,15,17,19,21,22,25,26,27,29,30	1
2,4,6,9,15,17,19,21,22,25,26,27,29,30	1
2,4,6,9,19,25,26,27,29	1
2,4,6,9,26,27,29	1
2,4,7	29
2,4,7,11,15,27	1
2,4,7,11,25,26,27	1
2,4,7,11,25,26,27,28	1
2,4,7,13	2
2,4,7,13,15,26,27	1
2,4,7,13,20,27	1
2,4,7,13,23	1
2,4,7,14	2
2,4,7,15	1
2,4,7,15,27	2
2,4,7,20,26	2
2,4,7,23,26	1
2,4,7,25,26,27	1
2,4,7,26	1
2,4,7,26,27	1
2,4,7,27	9
2,4,7,27,28	1
2,4,8	1188
2,4,8,11,12,26,27	3
2,4,8,11,12,27	1
2,4,8,11,15,17,27	2
2,4,8,11,15,25,26,27	1
2,4,8,11,25,26,27	5
2,4,8,11,25,26,27,28	1
2,4,8,11,26,27	32
2,4,8,11,27	1
2,4,8,12,26	2
2,4,8,12,26,27	39
2,4,8,14,26,27	1
2,4,8,15,25,26,27	2
2,4,8,15,27	2
2,4,8,16,25,26,27	1
2,4,8,17,27	1
2,4,8,21,26,27	1
2,4,8,25,26,27	2
2,4,8,26	29
2,4,8,26,27	327
2,4,8,27	16
2,4,9,15,17,19,21,22,25,26,27,29	1
2,5	893
2,5,10	1
2,5,10,11,27	1
2,5,10,12,15,21,27,30	1
2,5,10,12,15,26,27,29,30	1
2,5,10,12,15,26,27,30	1
2,5,10,14,15,21,27	1
2,5,10,15,21,27	1
2,5,10,15,21,27,29,30	1
2,5,10,15,26,27	2
2,5,10,15,27	15
2,5,10,15,27,29	4
2,5,10,15,27,29,30	1
2,5,10,15,27,30	4
2,5,10,15,29,30	1
2,5,10,15,30	2
2,5,10,21,27	1
2,5,10,21,27,30	1
2,5,10,26,27	1
2,5,10,27	26
2,5,10,27,29	6
2,5,10,27,29,30	1
2,5,10,27,30	1
2,5,11	1
2,5,11,15,27,29	1
2,5,11,25	1
2,5,11,25,26,27	1
2,5,11,27	12
2,5,11,27,29,30	1
2,5,12,15,25,27	1
2,5,12,21,27,30	1
2,5,12,27	10
2,5,12,27,30	1
2,5,14	1
2,5,14,21,26,27	1
2,5,14,21,27,30	1
2,5,14,26,27	1
2,5,15	174
2,5,15,19,27	1
2,5,15,21,27,30	1
2,5,15,21,30	2
2,5,15,25	1
2,5,15,26	1
2,5,15,26,27	7
2,5,15,26,27,29	1
2,5,15,27	117
2,5,15,27,29	18
2,5,15,27,29,30	3
2,5,15,27,30	10
2,5,15,29	3
2,5,15,29,30	1
2,5,15,30	1
2,5,18	1
2,5,20	1
2,5,21,27	4
2,5,21,27,30	10
2,5,23	2
2,5,23,27	1
2,5,25,26,27	2
2,5,25,27	3
2,5,26	17
2,5,26,27	77
2,5,26,27,29	8
2,5,26,27,30	3
2,5,26,30	1
2,5,27	2570
2,5,27,28	1
2,5,27,29	93
2,5,27,29,30	1
2,5,27,30	15
2,5,29	10
2,5,30	7
2,5,6	138
2,5,6,10,12,15,21,25,26,27,30	1
2,5,6,10,12,15,25,26,27,30	1
2,5,6,10,14,15,21,25,26,27	1
2,5,6,10,14,15,25,26,27	1
2,5,6,10,15,25,26,27	5
2,5,6,10,15,25,26,27,29	6
2,5,6,10,15,25,26,27,30	6
2,5,6,10,15,26,27	2
2,5,6,10,15,26,27,29,30	1
2,5,6,10,15,26,27,30	1
2,5,6,10,25,26,27,29,30	1
2,5,6,11,15,25,26,27	1
2,5,6,11,26,27	2
2,5,6,11,27	1
2,5,6,12,25,26,27,30	1
2,5,6,12,27	9
2,5,6,13,20	1
2,5,6,14,15,17,19,25,26,27,29	1
2,5,6,14,15,26,27	1
2,5,6,14,15,27	3
2,5,6,14,26,27	4
2,5,6,14,26,27,29	1
2,5,6,14,27	12
2,5,6,15	9
2,5,6,15,19,25,26,27	22
2,5,6,15,19,25,26,27,30	1
2,5,6,15,19,25,27	1
2,5,6,15,19,26,27	1
2,5,6,15,21,25,26,27	1
2,5,6,15,21,25,27,29	1
2,5,6,15,25	1
2,5,6,15,25,26,27	28
2,5,6,15,25,26,27,29	8
2,5,6,15,25,26,27,29,30	2
2,5,6,15,25,26,27,30	4
2,5,6,15,25,27	5
2,5,6,15,25,27,29	1
2,5,6,15,26	2
2,5,6,15,26,27	25
2,5,6,15,26,29	1
2,5,6,15,27	62
2,5,6,19,25,26	1
2,5,6,19,25,26,27	1
2,5,6,19,25,26,27,30	1
2,5,6,19,25,27	2
2,5,6,21,25,26,27,30	1
2,5,6,25,26,27	16
2,5,6,25,26,27,29	5
2,5,6,25,26,27,30	4
2,5,6,25,27	3
2,5,6,26	71
2,5,6,26,27	360
2,5,6,26,27,29	29
2,5,6,26,27,30	2
2,5,6,26,29	1
2,5,6,27	790
2,5,6,27,29	42
2,5,6,29	1
2,5,6,7	1
2,5,6,7,13	1
2,5,6,7,13,20	1
2,5,6,7,13,27	1
2,5,6,7,14,20,26,27	1
2,5,6,7,23	1
2,5,6,7,23,27	1
2,5,6,7,26,27	1
2,5,6,8,10,12,14,15,21,25,26,27,29,30	1
2,5,6,8,10,15,17,26,27,29,30	1
2,5,6,8,10,15,19,25,26,27,29,30	1
2,5,6,8,10,15,25,26,27	4
2,5,6,8,10,15,25,26,27,29	1
2,5,6,8,10,15,25,26,27,29,30	7
2,5,6,8,10,15,25,26,27,30	1
2,5,6,8,10,15,26,27	2
2,5,6,8,10,15,26,27,30	1
2,5,6,8,10,19,25,26,27,29	1
2,5,6,8,15,19,25,26,27	9
2,5,6,8,15,25,26,27	7
2,5,6,8,15,25,26,27,29	1
2,5,6,8,15,25,26,27,30	1
2,5,6,8,15,26,27	2
2,5,6,8,15,26,27,30	2
2,5,6,8,19,21,25,26,27	1
2,5,6,8,19,25,26,27,29	1
2,5,6,8,25,26,27	1
2,5,6,8,9,10,11,15,17,19,21,25,26,27,29,30	1
2,5,6,8,9,10,12,15,17,19,21,25,26,27,29,30	2
2,5,6,8,9,10,15,17,19,21,25,26,27,29,30	2
2,5,6,8,9,10,15,17,21,25,26,27,29,30	1
2,5,6,8,9,10,15,19,21,25,26,27,29	1
2,5,6,8,9,12,15,17,19,21,25,26,27,29,30	1
2,5,6,8,9,12,15,17,21,25,26,27,29	1
2,5,6,8,9,12,15,17,21,25,26,27,29,30	1
2,5,6,8,9,15,17,19,21,25,26,27,29,30	1
2,5,6,8,9,15,17,21,25,26,27,29,30	2
2,5,6,8,9,15,17,25,26,27,29,30	1
2,5,6,9,10,12,15,17,19,21,25,26,27,29,30	2
2,5,6,9,10,15,17,19,21,25,26,27,29,30	1
2,5,6,9,12,15,17,19,21,25,26,27,29	1
2,5,6,9,12,15,17,21,25,26,27,29,30	1
2,5,6,9,15,17,19,21,25,26,27,29,30	1
2,5,6,9,15,17,21,25,26,27,29	1
2,5,6,9,15,19,22,25,26,27,29	1
2,5,6,9,15,26,30	1
2,5,6,9,19,25,26,27	1
2,5,6,9,25,26,27	1
2,5,6,9,25,26,27,29	1
2,5,7	7
2,5,7,13	3
2,5,7,13,20	2
2,5,7,13,23	1
2,5,7,14,20	1
2,5,7,20	1
2,5,7,23	1
2,5,7,27	4
2,5,8	3
2,5,8,10,11,15,27	1
2,5,8,10,15	2
2,5,8,10,15,21,27,29,30	1
2,5,8,10,15,26,27,29,30	1
2,5,8,10,15,26,27,30	1
2,5,8,10,15,27	6
2,5,8,10,15,27,29	3
2,5,8,10,15,27,29,30	7
2,5,8,10,15,27,30	3
2,5,8,10,15,30	1
2,5,8,10,27	3
2,5,8,10,27,29	1
2,5,8,10,29	1
2,5,8,12,15,21,27,30	1
2,5,8,12,15,27	1
2,5,8,15	5
2,5,8,15,27	19
2,5,8,15,27,29	7
2,5,8,15,27,30	4
2,5,8,26,27,29	1
2,5,8,27	43
2,5,8,27,29	5
2,5,8,27,30	2
2,5,8,30	1
2,5,8,9,15,21,27,29,30	1
2,6	4027
2,6,10,12,15,19,25,26,27,29	1
2,6,10,15,25,26,27	3
2,6,10,15,25,26,27,29,30	1
2,6,10,15,25,26,27,30	1
2,6,10,25,26	5
2,6,10,25,26,27	6
2,6,10,26,27	4
2,6,11	4
2,6,11,19,25	1
2,6,11,19,25,27	1
2,6,11,25	11
2,6,11,25,26	1
2,6,11,25,26,27	3
2,6,11,25,27	1
2,6,11,26,27	3
2,6,11,27	5
2,6,12	8
2,6,12,14,21,25,27	1
2,6,12,14,27	1
2,6,12,15,19,25,27	1
2,6,12,15,27	1
2,6,12,21,25,27	1
2,6,12,25,26,27	3
2,6,12,25,26,27,30	1
2,6,12,25,27	1
2,6,12,26	1
2,6,12,26,27	5
2,6,12,26,27,30	1
2,6,12,27	8
2,6,13	5
2,6,13,15,26,27	1
2,6,13,19	1
2,6,13,25,26,27	1
2,6,13,26	7
2,6,13,26,27	1
2,6,13,26,27,28	1
2,6,13,27	1
2,6,14	2
2,6,14,25	1
2,6,14,26	1
2,6,14,26,27	3
2,6,14,27	4
2,6,15	17
2,6,15,19,25	2
2,6,15,19,25,26,27	6
2,6,15,19,25,26,27,28	1
2,6,15,19,25,26,27,29	1
2,6,15,19,25,27	3
2,6,15,21,25,27	1
2,6,15,21,26,27	1
2,6,15,25	10
2,6,15,25,26,27	13
2,6,15,25,26,27,29,30	1
2,6,15,25,26,27,30	2
2,6,15,25,27	5
2,6,15,25,28	1
2,6,15,25,30	1
2,6,15,26	7
2,6,15,26,27	8
2,6,15,27	41
2,6,16,25	6
2,6,16,25,26,27	15
2,6,16,25,27	9
2,6,17	2
2,6,17,26,27	1
2,6,17,27	1
2,6,19	2
2,6,19,25	65
2,6,19,25,26	13
2,6,19,25,26,27	25
2,6,19,25,26,28	1
2,6,19,25,27	19
2,6,19,25,27,28	1
2,6,19,25,28	1
2,6,19,26	3
2,6,19,27	1
2,6,20	1
2,6,20,23,26,27	1
2,6,20,27	1
2,6,21,25,26,27	1
2,6,21,25,26,27,30	2
2,6,21,26,27	1
2,6,22	1
2,6,22,25,26,27	3
2,6,22,26	3
2,6,22,26,27	8
2,6,23	5
2,6,23,26	1
2,6,23,26,27	1
2,6,23,27	1
2,6,25	213
2,6,25,26	787
2,6,25,26,27	302
2,6,25,26,27,28	3
2,6,25,26,27,30	3
2,6,25,27	129
2,6,25,27,28	1
2,6,25,28	1
2,6,26	1325
2,6,26,27	810
2,6,26,27,28	2
2,6,26,27,30	4
2,6,27	939
2,6,27,28	4
2,6,27,29	2
2,6,27,30	1
2,6,28	4
2,6,7	22
2,6,7,12,25,26,27	1
2,6,7,13,15	1
2,6,7,13,19,25	1
2,6,7,13,26	1
2,6,7,13,27	1
2,6,7,14	1
2,6,7,15	1
2,6,7,15,19,25,26,27	1
2,6,7,15,25	1
2,6,7,15,26	2
2,6,7,15,26,27	1
2,6,7,15,27	1
2,6,7,17,18	1
2,6,7,19,25,26,27	1
2,6,7,19,25,27,28	1
2,6,7,23	4
2,6,7,25	1
2,6,7,25,26	70
2,6,7,25,26,27	11
2,6,7,25,26,27,28	1
2,6,7,25,27	2
2,6,7,26	62
2,6,7,26,27	4
2,6,7,27	10
2,6,7,8,16,25,26,27	1
2,6,8	1
2,6,8,10,15,25,26,27,30	1
2,6,8,10,15,26,27	1
2,6,8,10,25,26,27	2
2,6,8,10,26,27	1
2,6,8,10,26,30	1
2,6,8,12,15,19,25,26,27	1
2,6,8,12,26	1
2,6,8,12,26,27	3
2,6,8,15,17,19,25,26,27	1
2,6,8,15,19,25,26,27	2
2,6,8,15,25,26,27	6
2,6,8,15,25,26,27,28	1
2,6,8,15,26,27	1
2,6,8,16,19,25,26,27	1
2,6,8,16,25,26,27	7
2,6,8,17	1
2,6,8,17,27	1
2,6,8,19,25,26,27,30	1
2,6,8,25,26,27	17
2,6,8,25,26,27,28	1
2,6,8,26	5
2,6,8,26,27	19
2,6,8,26,27,28	1
2,6,8,27	1
2,6,8,9,10,12,15,17,19,21,25,26,27,29,30	1
2,6,8,9,10,15,17,19,21,25,26,27,29,30	1
2,6,8,9,12,15,17,19,21,25,26,27,29,30	1
2,6,8,9,15,17,19,21,25,26,27,29,30	2
2,6,8,9,15,17,21,25,26,27,29,30	1
2,6,8,9,15,21,25,26,27,29,30	1
2,6,9,12,15,17,19,21,25,26,27,29,30	1
2,6,9,12,15,19,21,25,26,27,29	1
2,6,9,15,17,19,21,25,26,27,29,30	1
2,6,9,19,21,25	1
2,7	97
2,7,13	14
2,7,13,14	1
2,7,13,15	22
2,7,13,15,26,27	1
2,7,13,15,27	38
2,7,13,15,27,28	6
2,7,13,15,28	1
2,7,13,20,26	1
2,7,13,20,27	1
2,7,13,23	1
2,7,13,26	1
2,7,13,26,27	1
2,7,15	144
2,7,15,16,22,27	25
2,7,15,16,22,27,28	5
2,7,15,16,27	28
2,7,15,16,27,28	2
2,7,15,22	2
2,7,15,22,27	2
2,7,15,26	3
2,7,15,26,27	5
2,7,15,26,27,28	3
2,7,15,27	158
2,7,15,27,28	32
2,7,15,28	7
2,7,23	2
2,7,25	2
2,7,26	12
2,7,26,27	1
2,7,26,28	3
2,7,27	14
2,7,8,10,15,16,22,27	1
2,7,8,15,16,22,27	34
2,7,8,15,16,22,27,28	10
2,7,8,15,16,27	12
2,7,8,15,16,27,28	1
2,7,8,15,22	1
2,8	530
2,8,10	3
2,8,10,15,16,27	1
2,8,10,15,27,29	2
2,8,10,15,27,29,30	1
2,8,10,16,27	1
2,8,10,26,27	1
2,8,10,27	2
2,8,10,30	1
2,8,11	4
2,8,11,12	10
2,8,11,12,27	60
2,8,11,26	2
2,8,11,27	13
2,8,12	45
2,8,12,14,21,27,30	1
2,8,12,15,21,27,29	1
2,8,12,15,27	2
2,8,12,26	1
2,8,12,26,27	22
2,8,12,27	23
2,8,12,27,30	1
2,8,14,27	1
2,8,15	5
2,8,15,16,22,27	24
2,8,15,16,22,27,28	1
2,8,15,16,27	4
2,8,15,16,27,28	1
2,8,15,17,22,27	1
2,8,15,17,26,27	1
2,8,15,17,27	2
2,8,15,21,30	1
2,8,15,22,26,27	1
2,8,15,22,27	4
2,8,15,26,27	2
2,8,15,27	40
2,8,15,27,28	5
2,8,16,17,22,27	4
2,8,16,17,26,27	2
2,8,16,17,27	9
2,8,16,17,27,28	2
2,8,16,22,27	154
2,8,16,22,27,28	26
2,8,16,26,27	2
2,8,16,27	234
2,8,16,27,28	17
2,8,17	9
2,8,17,26,27	2
2,8,17,27	19
2,8,19,26,27	3
2,8,19,27	5
2,8,21	1
2,8,22	2
2,8,22,27	17
2,8,22,27,28	1
2,8,25,26,27,28	1
2,8,26	57
2,8,26,27	104
2,8,26,27,28	2
2,8,27	841
2,8,27,28	6
2,8,27,30	1
2,8,28	2
2,9	1
2,9,12,15,19,21,25,26,27,29	1
2,9,12,29	1
2,9,19,25	2
2,9,21	1
2,9,27,29	8
20	41296
20,21	85
20,21,23	19
20,21,23,24	59
20,21,23,24,26	2
20,21,23,27	2
20,21,24	41
20,21,24,26	1
20,23	22
20,23,24	26
20,24	66
20,25	144
20,26	1
20,26,27	1
20,27	98
21	89093
21,23	1562
21,23,24	1340
21,23,24,26	7
21,23,24,26,27	1
21,23,24,27	30
21,23,26	14
21,23,26,27	1
21,23,27	26
21,24	7080
21,24,26	3
21,24,27	58
21,25,27	1
21,26	9
21,26,27	2
21,27	67
21,27,30	1
22	798
22,25	7
22,25,26,27	10
22,25,27	6
22,26	1132
22,26,27	5420
22,26,27,28	49
22,27	10129
22,27,28	14
22,27,29	13
22,28	11
22,29	9
23	19553
23,24	6388
23,24,27	9
23,25	1
23,25,26,27	4
23,26	23
23,26,27	7
23,27	384
24	13307
24,25	6
24,26	1
24,27	100
25	426
25,26	170286
25,26,27	129128
25,26,27,28	2
25,26,27,29	11
25,26,27,30	7
25,26,28	2
25,27	1302367
25,27,28	21
25,27,29	4
25,28	127
25,29	1
25,30	1
26	67803
26,27	4961359
26,27,28	7980
26,27,29	67
26,27,30	9
26,28	255
26,29	59
26,30	1
27	63294
27,28	5505
27,29	197
27,30	186
28	31
29	2
29,30	1
3	699
3,10	1
3,10,27	1
3,11	5
3,11,25	4
3,11,27	3
3,14,21	1
3,14,21,27	3
3,15	74
3,15,19,25	4
3,15,19,25,26,27,29	1
3,15,19,25,27	1
3,15,25	2
3,15,25,26	1
3,15,25,27	1
3,15,25,27,29	1
3,15,25,29	1
3,15,26	17
3,15,27	3
3,17	1
3,19,25	1
3,20	25
3,21	1
3,21,27	7
3,22	8
3,22,26	1
3,22,27	10
3,22,27,29	1
3,25	133
3,25,26	9
3,25,26,27	1
3,25,26,27,29	1
3,26	464
3,26,27	7
3,26,27,28	1
3,26,27,29	1
3,26,29	1
3,27	513
3,27,29	108
3,28	1
3,29	10
3,4	14427
3,4,14,21,27	2
3,4,15	2
3,4,15,22,27,29	1
3,4,15,25	1
3,4,15,25,26,27	2
3,4,15,25,27,29	1
3,4,19,22,25,27,29	1
3,4,21	1
3,4,21,27	1
3,4,22,27,29	62
3,4,22,29	1
3,4,26	54
3,4,26,27	4
3,4,27	370
3,4,5	2
3,4,5,11,25,26,27	1
3,4,5,15,22,26,27,29	1
3,4,5,15,22,27,29	5
3,4,5,15,27	1
3,4,5,26,27	1
3,4,5,27	11
3,4,5,6	98
3,4,5,6,10,11,25,26,27	2
3,4,5,6,11,12,15,17,19,21,22,25,26,27,29	1
3,4,5,6,11,19,25,26,27	1
3,4,5,6,11,25,26,27	55
3,4,5,6,11,25,27	3
3,4,5,6,14,15,19,25,27	1
3,4,5,6,15	4
3,4,5,6,15,19,25	3
3,4,5,6,15,19,25,27,29	2
3,4,5,6,15,22,26,27,29	2
3,4,5,6,15,25	1
3,4,5,6,15,25,26,27	2
3,4,5,6,15,25,27,29	1
3,4,5,6,15,26,27	2
3,4,5,6,19,25,26,27	1
3,4,5,6,22,26,27,29	1
3,4,5,6,22,27,29	1
3,4,5,6,25	1
3,4,5,6,25,26,27	58
3,4,5,6,25,27	2
3,4,5,6,26	6
3,4,5,6,26,27	187
3,4,5,6,27	60
3,4,5,6,8,9,10,11,12,15,17,19,21,22,25,26,27,29	1
3,4,5,6,8,9,11,12,15,17,19,21,22,25,26,27,29	1
3,4,5,6,9,11,12,15,17,19,21,22,25,26,27,29	1
3,4,5,6,9,11,15,17,19,22,25,26,27,29,30	1
3,4,5,6,9,14,15,22,27,29	1
3,4,5,6,9,15,19,21,25,26,27,29	1
3,4,5,6,9,15,22,26,27,29	2
3,4,5,6,9,15,22,27,29	4
3,4,5,9,10,15,21,27,29	1
3,4,5,9,11,15,19,21,22,25,26,27,29	1
3,4,5,9,14,15,22,27,29	1
3,4,5,9,15,21,27,29,30	1
3,4,5,9,15,22,25,27,29	1
3,4,5,9,15,22,26,27,29	1
3,4,5,9,15,22,27,29	3
3,4,6	505
3,4,6,11,12,15,19,25,27	1
3,4,6,11,25	1
3,4,6,11,25,26	1
3,4,6,11,25,26,27	25
3,4,6,11,25,27	2
3,4,6,11,26,27	1
3,4,6,12,25	1
3,4,6,15	5
3,4,6,15,19,25	5
3,4,6,15,19,25,27	3
3,4,6,15,19,25,27,29	3
3,4,6,15,25	1
3,4,6,15,25,27	1
3,4,6,15,25,27,29	1
3,4,6,15,26,27	1
3,4,6,19,25,26,27	2
3,4,6,22,26,27,29	13
3,4,6,22,27,29	17
3,4,6,25	14
3,4,6,25,26	11
3,4,6,25,26,27	16
3,4,6,25,26,27,28	1
3,4,6,25,27	8
3,4,6,26	39
3,4,6,26,27	76
3,4,6,26,28	1
3,4,6,27	86
3,4,6,8,15,19,22,25,26,27,29	1
3,4,6,8,9,10,11,12,15,17,19,21,22,25,26,27,29,30	1
3,4,6,8,9,12,15,17,19,21,22,25,26,27,29,30	1
3,4,6,8,9,15,19,21,22,25,26,27,29	2
3,4,6,9,12,15,19,21,22,25,26,27,29	1
3,4,6,9,14,15,22,27,29	1
3,4,6,9,15,22,26,27,29	3
3,4,6,9,15,22,27,29	10
3,4,6,9,22,26,27,29	1
3,4,8,9,10,15,21,27,29,30	1
3,4,8,9,12,15,21,22,27,29	1
3,4,9,14,15,22,27,29	1
3,4,9,15,22,27,29	12
3,5	2528
3,5,10,27	2
3,5,11,27	5
3,5,12,15,21,22,27,29	1
3,5,15	145
3,5,15,19,25,27	1
3,5,15,19,25,27,29	1
3,5,15,26	17
3,5,15,26,27,29	1
3,5,15,27	13
3,5,15,29	1
3,5,19,25	1
3,5,22,27,29	2
3,5,26	50
3,5,26,27	9
3,5,27	3097
3,5,27,29	2
3,5,29	1
3,5,6	1
3,5,6,10,15,19,21,25,26,27,29	1
3,5,6,12,14,15,25,27	1
3,5,6,12,15,19,25,27	1
3,5,6,12,15,19,25,27,29	1
3,5,6,12,15,25,27	1
3,5,6,14,15,19,25,27	1
3,5,6,15	2
3,5,6,15,19,25	4
3,5,6,15,19,25,26,27,29	1
3,5,6,15,19,25,27	1
3,5,6,15,19,25,27,29	5
3,5,6,15,25	3
3,5,6,15,25,27	1
3,5,6,15,25,27,29	5
3,5,6,15,26	2
3,5,6,15,26,27	3
3,5,6,15,26,27,29	1
3,5,6,15,27	3
3,5,6,25,27	1
3,5,6,26	5
3,5,6,26,27	197
3,5,6,27	192
3,5,6,8,10,15,19,21,25,26,27,29	1
3,5,6,8,15,19,25,26,27	2
3,5,6,8,9,10,12,15,17,19,21,25,26,27,29,30	1
3,5,6,8,9,10,12,15,17,21,26,27,29,30	1
3,5,6,8,9,12,15,17,19,21,25,26,27,29,30	1
3,5,6,8,9,15,21,26,27,29	1
3,5,6,9,10,15,17,19,21,25,26,27,29	1
3,5,6,9,10,15,19,25,26,27,29	1
3,5,6,9,12,15,17,19,21,25,26,27,29	1
3,5,6,9,12,15,17,19,21,25,26,27,29,30	1
3,5,6,9,14,15,26,27,29	1
3,5,6,9,14,15,27,29	1
3,5,6,9,15,17,19,21,25,26,27,29	1
3,5,6,9,15,17,19,21,25,26,27,29,30	1
3,5,6,9,15,19,25,26,27,29	1
3,5,6,9,15,25,27,29	1
3,5,6,9,15,26,27,29	6
3,5,6,9,15,27,29	8
3,5,7,27	2
3,5,8,15,27	1
3,5,8,9,10,12,15,21,27,29,30	1
3,5,8,9,12,15,21,22,27,29,30	1
3,5,8,9,12,15,21,27,29,30	1
3,5,9,14,15,26,27,29	1
3,5,9,14,15,27,29	3
3,5,9,15,21,27,29	1
3,5,9,15,26,27,29	2
3,5,9,15,27,29	15
3,6	308
3,6,10,26,27	1
3,6,11,19,25,26,27	1
3,6,11,25	1
3,6,11,26	1
3,6,12,14,15,19,25,27	1
3,6,12,15,19,25,27	1
3,6,12,15,25	1
3,6,12,25,27	1
3,6,14,15,21,25,27	1
3,6,15	9
3,6,15,19,25	10
3,6,15,19,25,26,27	5
3,6,15,19,25,27	3
3,6,15,19,25,27,29	4
3,6,15,19,25,29	1
3,6,15,21,25,27	1
3,6,15,25	9
3,6,15,25,26,27	1
3,6,15,25,27,29	13
3,6,15,26	13
3,6,15,26,27	1
3,6,15,27	1
3,6,15,27,29	4
3,6,19,22,25,26,27	1
3,6,19,25	1
3,6,19,25,26,27,29	1
3,6,19,25,27	4
3,6,19,25,27,29	1
3,6,22,26	1
3,6,22,27	15
3,6,25	80
3,6,25,26	1221
3,6,25,26,27	12
3,6,25,27	2
3,6,25,27,29	1
3,6,25,29	1
3,6,26	1115
3,6,26,27	28
3,6,26,27,29	11
3,6,27	111
3,6,27,29	21
3,6,29	4
3,6,8,26,27	1
3,6,8,9,10,12,15,17,19,21,25,26,27,29,30	1
3,6,8,9,10,12,15,17,21,26,27,29,30	1
3,6,8,9,12,15,17,21,25,26,27,29,30	1
3,6,9,10,15,17,21,25,26,27,29,30	1
3,6,9,15	1
3,6,9,15,17,19,21,25,26,27,29	1
3,6,9,15,19,21,25,26,27,29	1
3,6,9,15,19,25,26,27,29	1
3,6,9,15,21,27,29	1
3,6,9,15,25,26,27,29	1
3,6,9,15,26,27,29	7
3,6,9,15,26,29	1
3,6,9,15,27,29	6
3,7	1
3,8	1
3,8,9,10,12,15,21,22,27,29	1
3,8,9,12,15,21,26,27,29	1
3,8,9,12,15,21,27,29,30	1
3,8,9,15,21,22,27,29	1
3,8,9,15,21,27,29	1
3,9,12,15,21,22,27,29	1
3,9,12,15,21,27,29	1
3,9,14,15,27,29	2
3,9,15,27,29	17
30	2
4	26119
4,10	9
4,10,11	1
4,10,11,25,26	1
4,10,11,25,26,27	339
4,10,11,25,27	1
4,10,11,26	5
4,10,11,26,27	13
4,10,11,27	3
4,10,16,27	1
4,10,25,26	4
4,10,25,26,27	690
4,10,25,27	4
4,10,26	26
4,10,26,27	100
4,10,27	23
4,11	95358
4,11,12	36
4,11,12,25,27	2
4,11,12,26,27	21
4,11,12,27	438
4,11,13,19,25	1
4,11,14,26,27	1
4,11,15	311
4,11,15,19	1
4,11,15,19,25,26,27	1
4,11,15,19,25,27	1
4,11,15,19,26	2
4,11,15,25,26,27	2
4,11,15,25,26,27,28	1
4,11,15,25,27	1
4,11,16,17,27	1
4,11,16,25	2
4,11,16,25,26	1
4,11,16,25,26,27	1
4,11,16,25,27	2
4,11,17,25	5
4,11,17,27	2
4,11,19	10
4,11,19,22,25,26,27	1
4,11,19,25	56
4,11,19,25,26	15
4,11,19,25,26,27	119
4,11,19,25,26,27,28	1
4,11,19,25,27	47
4,11,19,26	21
4,11,19,26,27	5
4,11,19,27	8
4,11,22	5
4,11,22,25,26,27	26
4,11,22,26	1
4,11,22,26,27	24
4,11,22,27	75
4,11,23,25,26,27	7
4,11,25	967
4,11,25,26	715
4,11,25,26,27	33097
4,11,25,27	3305
4,11,25,27,29	1
4,11,26	7185
4,11,26,27	23575
4,11,27	10509
4,12	250
4,12,19,27	1
4,12,26	19
4,12,26,27	437
4,12,26,27,29	1
4,12,26,27,30	1
4,12,27	148
4,13	393
4,13,14,21,23,24	1
4,13,15,25,27	1
4,13,15,26,27	1
4,13,18	1
4,13,18,23	2
4,13,19,25,26,27	2
4,13,19,25,27	1
4,13,20	2
4,13,21	1
4,13,21,23	1
4,13,21,23,24	1
4,13,23	4
4,13,25	1
4,13,26	5
4,13,27	12
4,14	72
4,14,20	1
4,14,21,27	3
4,14,26	13
4,14,26,27	53
4,14,27	5
4,15	3508
4,15,17	1
4,15,17,19,26	2
4,15,19	4
4,15,19,25	3
4,15,19,25,26	1
4,15,19,25,26,27	1
4,15,19,25,27	1
4,15,19,26	43
4,15,22,27,29	1
4,15,25	54
4,15,25,26	4
4,15,25,26,27	8
4,15,25,26,27,28	1
4,15,25,27	12
4,15,25,28	1
4,15,26	83
4,15,26,27	19
4,15,26,27,28	1
4,15,27	183
4,15,27,28	1
4,15,27,29	1
4,15,27,29,30	1
4,15,28	2
4,16	41135
4,16,17	1
4,16,17,25	3
4,16,17,25,27	1
4,16,17,27	4
4,16,19,25	12
4,16,19,25,26,27	3
4,16,19,25,27	1
4,16,22,25,26	1
4,16,22,25,26,27	2
4,16,22,27	1
4,16,25	1141
4,16,25,26	90
4,16,25,26,27	106
4,16,25,26,27,28	1
4,16,25,27	258
4,16,25,27,28	1
4,16,25,28	1
4,16,26	19
4,16,26,27	47
4,16,27	137
4,16,27,28	2
4,17	253
4,17,18,27	1
4,17,19	3
4,17,19,25	4
4,17,19,26	14
4,17,25	98
4,17,25,26,27	1
4,17,25,27	2
4,17,26	29
4,17,26,27	15
4,17,27	244
4,18	11
4,18,20,26	1
4,18,21	2
4,18,24	2
4,18,27	1
4,19	405
4,19,22,25,26,27	2
4,19,25	1062
4,19,25,26	119
4,19,25,26,27	448
4,19,25,27	275
4,19,25,27,28	5
4,19,25,28	1
4,19,26	3288
4,19,26,27	11
4,19,27	36
4,20	42
4,20,21,23,24,27	1
4,20,27	1
4,21	6
4,21,23	3
4,21,23,24	5
4,21,24	4
4,21,27	3
4,22	7553
4,22,25,26,27	74
4,22,25,27	2
4,22,25,27,29	1
4,22,26	2488
4,22,26,27	6523
4,22,26,27,28	1
4,22,26,27,29	2
4,22,27	2942
4,22,27,29	45
4,22,28	1
4,23	30
4,23,24	3
4,23,25,26,27	13
4,23,26	16
4,23,26,27	344
4,23,27	3
4,24	17
4,25	23214
4,25,26	4656
4,25,26,27	259564
4,25,26,27,28	2
4,25,26,27,29	1
4,25,26,28	1
4,25,27	19791
4,25,27,28	11
4,25,28	25
4,26	814535
4,26,27	1465968
4,26,27,28	33
4,26,27,29	35
4,26,27,30	2
4,26,28	24
4,26,29	8
4,27	1057594
4,27,28	49
4,27,29	32
4,27,30	3
4,28	1269
4,29	23
4,30	2
4,5	41154
4,5,10,11,25,26,27	1
4,5,10,15,26,27	1
4,5,10,15,27	1
4,5,10,25,26,27	1
4,5,11	134
4,5,11,15,19,25,26,27	1
4,5,11,15,25	1
4,5,11,19,25,26,27	2
4,5,11,25	14
4,5,11,25,26	8
4,5,11,25,26,27	208
4,5,11,25,26,27,30	1
4,5,11,25,27	25
4,5,11,26	35
4,5,11,26,27	21
4,5,11,27	122
4,5,13	2
4,5,15	32
4,5,15,19,25,27,29	1
4,5,15,22,25,26,27,29	1
4,5,15,22,27,29	5
4,5,15,25	1
4,5,15,25,26,27	6
4,5,15,25,27	3
4,5,15,26	14
4,5,15,26,27	8
4,5,15,27	46
4,5,15,27,30	1
4,5,15,29	1
4,5,19,25	1
4,5,19,25,26	3
4,5,19,25,26,27	7
4,5,19,25,27	3
4,5,19,27	1
4,5,22,25,26,27,29	1
4,5,22,25,29	1
4,5,22,26,27,29	2
4,5,22,27	1
4,5,22,27,29	3
4,5,23,26,27	3
4,5,25	82
4,5,25,26	23
4,5,25,26,27	179
4,5,25,27	136
4,5,26	24139
4,5,26,27	17724
4,5,26,27,29	1
4,5,27	21168
4,5,27,28	1
4,5,27,29	3
4,5,27,30	1
4,5,6	75297
4,5,6,10	27
4,5,6,10,11	1
4,5,6,10,11,15,19,25,26,27	1
4,5,6,10,11,15,25,26,27	7
4,5,6,10,11,15,25,26,27,30	2
4,5,6,10,11,19,25,26,27	3
4,5,6,10,11,21,25,26,27,30	1
4,5,6,10,11,25,26	1
4,5,6,10,11,25,26,27	85
4,5,6,10,11,25,26,27,29	1
4,5,6,10,11,25,26,27,30	2
4,5,6,10,14,21,25,26,27	1
4,5,6,10,15	2
4,5,6,10,15,25,26,27	2
4,5,6,10,19,25,26,27	2
4,5,6,10,25,26,27	23
4,5,6,10,25,26,27,29	1
4,5,6,10,25,26,27,30	1
4,5,6,10,26,27	31
4,5,6,11	416
4,5,6,11,12,15,25,27	2
4,5,6,11,14,19,25,26,27	1
4,5,6,11,14,21,25,26,27	1
4,5,6,11,15	1
4,5,6,11,15,17,19,22,25,26,27,29	1
4,5,6,11,15,19,25,26,27	7
4,5,6,11,15,19,25,27	3
4,5,6,11,15,25,26	1
4,5,6,11,15,25,26,27	123
4,5,6,11,15,25,26,27,30	5
4,5,6,11,15,25,27	12
4,5,6,11,15,26	1
4,5,6,11,15,26,27	1
4,5,6,11,15,27	2
4,5,6,11,19,25	3
4,5,6,11,19,25,26,27	201
4,5,6,11,19,25,26,27,28	1
4,5,6,11,19,25,26,27,29	1
4,5,6,11,19,25,26,27,30	2
4,5,6,11,19,25,27	7
4,5,6,11,21,25,26,27	3
4,5,6,11,25	97
4,5,6,11,25,26	112
4,5,6,11,25,26,27	25627
4,5,6,11,25,26,27,28	1
4,5,6,11,25,26,27,29	5
4,5,6,11,25,26,27,30	27
4,5,6,11,25,27	567
4,5,6,11,26	77
4,5,6,11,26,27	76
4,5,6,11,26,27,29	1
4,5,6,11,27	57
4,5,6,11,27,29	2
4,5,6,12,15,25	1
4,5,6,12,15,25,26,27	2
4,5,6,12,15,25,26,27,29	1
4,5,6,12,15,27	5
4,5,6,12,25,26,27	1
4,5,6,12,25,26,27,30	1
4,5,6,13	2
4,5,6,13,27	1
4,5,6,14,19,25,26,27	1
4,5,6,14,21,25,26,27	1
4,5,6,15	203
4,5,6,15,19,25	5
4,5,6,15,19,25,26	1
4,5,6,15,19,25,26,27	6
4,5,6,15,19,25,27	2
4,5,6,15,19,25,27,29	2
4,5,6,15,21,25,26,27	2
4,5,6,15,21,25,26,27,30	1
4,5,6,15,21,25,27	1
4,5,6,15,22,26,27,29	2
4,5,6,15,22,27,29	1
4,5,6,15,25	23
4,5,6,15,25,26,27	154
4,5,6,15,25,26,27,30	1
4,5,6,15,25,27	76
4,5,6,15,26	85
4,5,6,15,26,27	503
4,5,6,15,26,27,28	1
4,5,6,15,26,27,29	1
4,5,6,15,26,27,30	1
4,5,6,15,27	160
4,5,6,19,25	20
4,5,6,19,25,26	7
4,5,6,19,25,26,27	366
4,5,6,19,25,26,27,28	2
4,5,6,19,25,26,27,29	1
4,5,6,19,25,27	33
4,5,6,19,26,27	2
4,5,6,21,25,26,27	1
4,5,6,22,25,26,27,29	1
4,5,6,22,26,27	1
4,5,6,23,26,27	2
4,5,6,25	770
4,5,6,25,26	224
4,5,6,25,26,27	16092
4,5,6,25,26,27,28	1
4,5,6,25,26,27,29	7
4,5,6,25,26,27,30	2
4,5,6,25,27	3313
4,5,6,26	75849
4,5,6,26,27	200690
4,5,6,26,27,28	2
4,5,6,26,27,29	9
4,5,6,27	40961
4,5,6,27,29	11
4,5,6,28	2
4,5,6,7,13	2
4,5,6,7,15,19,25,26,27	1
4,5,6,8,10,11,15,25,26,27	2
4,5,6,8,10,11,25,26,27	3
4,5,6,8,10,15,27	1
4,5,6,8,11,15,19,25,26,27	1
4,5,6,8,11,15,25,26,27	6
4,5,6,8,11,15,25,26,27,30	1
4,5,6,8,11,19,25,26,27	1
4,5,6,8,11,25,26,27	36
4,5,6,8,11,26,27	1
4,5,6,8,12,15,21,25,26,27,29	1
4,5,6,8,12,15,25,26,27	1
4,5,6,8,12,15,26,27	1
4,5,6,8,15,21,22,25,26,27,29,30	1
4,5,6,8,15,25,26,27	9
4,5,6,8,15,26,27	1
4,5,6,8,19,25,26,27	2
4,5,6,8,25,26,27	44
4,5,6,8,26,27	67
4,5,6,8,9,10,11,12,15,17,19,21,22,25,26,27,29,30	1
4,5,6,8,9,10,12,15,17,19,21,22,25,26,27,29,30	1
4,5,6,9,11,12,15,17,19,21,22,25,26,27,29	1
4,5,6,9,11,15,17,19,21,25,26,27,29,30	1
4,5,6,9,12,15,19,21,22,25,26,27,29	1
4,5,6,9,15,17,19,21,22,25,26,27,29,30	1
4,5,6,9,15,19,25,26,27,29	1
4,5,6,9,15,22,26,27,29	2
4,5,6,9,15,22,27,29	5
4,5,6,9,25,26,27,29	1
4,5,7	2
4,5,7,13	6
4,5,7,13,20	1
4,5,7,13,23	1
4,5,8,11,15,19,25,26,27	1
4,5,8,11,25,26,27	1
4,5,8,15,27	1
4,5,8,15,27,29	1
4,5,8,26,27	2
4,5,9,15,22,27,29	4
4,6	1811239
4,6,10	61
4,6,10,11,25,26	1
4,6,10,11,25,26,27	68
4,6,10,11,26	12
4,6,10,11,26,27	53
4,6,10,11,27	1
4,6,10,15,25,26,27	1
4,6,10,15,25,26,27,29	1
4,6,10,16,25,26,27	30
4,6,10,16,25,26,27,28	5
4,6,10,16,25,27	6
4,6,10,25	5
4,6,10,25,26	18
4,6,10,25,26,27	414
4,6,10,25,26,27,28	5
4,6,10,25,26,27,30	1
4,6,10,25,27	76
4,6,10,25,27,28	2
4,6,10,26	46
4,6,10,26,27	179
4,6,10,27	20
4,6,10,28	4
4,6,11	969
4,6,11,12	7
4,6,11,12,15,19,25,27	6
4,6,11,12,15,25,27	6
4,6,11,12,19,25,27	1
4,6,11,12,25,27	11
4,6,11,12,26	1
4,6,11,12,26,27	16
4,6,11,12,27	168
4,6,11,13	1
4,6,11,13,15,25,26,27	1
4,6,11,13,15,25,26,27,28	1
4,6,11,13,25,26,27,28	1
4,6,11,13,26,27	1
4,6,11,13,27	1
4,6,11,14,21,25,26,27	1
4,6,11,15	1
4,6,11,15,17,25,26,27	1
4,6,11,15,19,22,25,26,27,29	1
4,6,11,15,19,25,26,27	9
4,6,11,15,19,25,27	6
4,6,11,15,25	6
4,6,11,15,25,26	1
4,6,11,15,25,26,27	28
4,6,11,15,25,26,27,28	1
4,6,11,15,25,27	54
4,6,11,15,26,27	1
4,6,11,16,17,25,26,27	1
4,6,11,16,19,25	6
4,6,11,16,19,25,26	2
4,6,11,16,19,25,26,27	39
4,6,11,16,19,25,27	8
4,6,11,16,22,25,26,27	1
4,6,11,16,25	17
4,6,11,16,25,26	7
4,6,11,16,25,26,27	83
4,6,11,16,25,27	12
4,6,11,16,26,27	1
4,6,11,17,19,25,26,27	1
4,6,11,17,25	3
4,6,11,17,25,26	1
4,6,11,17,25,26,27	10
4,6,11,17,25,27	3
4,6,11,19,22,25,26,27	10
4,6,11,19,22,25,27	1
4,6,11,19,25	123
4,6,11,19,25,26	70
4,6,11,19,25,26,27	1059
4,6,11,19,25,26,27,28	26
4,6,11,19,25,26,27,29	1
4,6,11,19,25,27	279
4,6,11,19,25,27,28	2
4,6,11,19,26	1
4,6,11,19,26,27	1
4,6,11,21,25,26,27	4
4,6,11,21,25,27	1
4,6,11,22,25,26,27	205
4,6,11,22,25,27	8
4,6,11,22,26,27	26
4,6,11,22,27	1
4,6,11,23,25,26,27	4
4,6,11,25	1280
4,6,11,25,26	372
4,6,11,25,26,27	10367
4,6,11,25,26,27,28	23
4,6,11,25,26,28	1
4,6,11,25,27	3905
4,6,11,25,27,28	8
4,6,11,25,27,29	1
4,6,11,25,28	2
4,6,11,26	2033
4,6,11,26,27	8976
4,6,11,26,27,28	1
4,6,11,27	3860
4,6,12	85
4,6,12,15	3
4,6,12,15,25,26,27	1
4,6,12,15,25,27	1
4,6,12,15,27	1
4,6,12,19,25	2
4,6,12,19,25,26,27	1
4,6,12,19,25,27	3
4,6,12,19,25,27,28	1
4,6,12,19,26,27	1
4,6,12,25	1
4,6,12,25,26,27	5
4,6,12,25,27	4
4,6,12,26	12
4,6,12,26,27	305
4,6,12,27	103
4,6,13	78
4,6,13,15	1
4,6,13,15,19,25,26,27	4
4,6,13,15,19,25,27,28	1
4,6,13,15,25,26,27	2
4,6,13,15,26	5
4,6,13,15,26,27	5
4,6,13,19,25,26,27	4
4,6,13,19,26	1
4,6,13,19,26,27	1
4,6,13,23	1
4,6,13,23,27	1
4,6,13,25,26	1
4,6,13,25,26,27	6
4,6,13,25,26,27,28	1
4,6,13,25,27	2
4,6,13,26	66
4,6,13,26,27	55
4,6,13,26,28	1
4,6,13,27	22
4,6,13,28	1
4,6,14	55
4,6,14,26	23
4,6,14,26,27	102
4,6,14,27	6
4,6,15	2590
4,6,15,16,19,25,26,27	1
4,6,15,16,25,26,27	2
4,6,15,17,26	1
4,6,15,19,25	71
4,6,15,19,25,26	4
4,6,15,19,25,26,27	36
4,6,15,19,25,26,27,28	1
4,6,15,19,25,27	12
4,6,15,19,25,27,29	1
4,6,15,19,26	1
4,6,15,25	732
4,6,15,25,26	17
4,6,15,25,26,27	123
4,6,15,25,26,27,28	14
4,6,15,25,26,27,30	1
4,6,15,25,27	149
4,6,15,25,27,29	3
4,6,15,25,28	1
4,6,15,26	45
4,6,15,26,27	271
4,6,15,26,27,28	7
4,6,15,27	81
4,6,15,27,28	1
4,6,15,28	1
4,6,16	31
4,6,16,17,19,25,26,27	2
4,6,16,17,25	2
4,6,16,17,25,26	1
4,6,16,17,25,26,27	23
4,6,16,17,25,26,27,28	1
4,6,16,17,25,27	3
4,6,16,17,26,27	2
4,6,16,19,22,25,26,27	15
4,6,16,19,25	26
4,6,16,19,25,26	11
4,6,16,19,25,26,27	334
4,6,16,19,25,26,27,28	2
4,6,16,19,25,27	31
4,6,16,22,25,26,27	814
4,6,16,22,25,26,27,28	34
4,6,16,25	1102
4,6,16,25,26	810
4,6,16,25,26,27	28049
4,6,16,25,26,27,28	422
4,6,16,25,26,28	4
4,6,16,25,27	1256
4,6,16,25,27,28	11
4,6,16,25,28	5
4,6,16,26	23
4,6,16,26,27	88
4,6,16,26,27,28	1
4,6,16,27	15
4,6,17	85
4,6,17,19,25	7
4,6,17,19,25,26,27	9
4,6,17,19,25,27	7
4,6,17,19,26,27	1
4,6,17,25	51
4,6,17,25,26	7
4,6,17,25,26,27	30
4,6,17,25,26,27,28	1
4,6,17,25,27	28
4,6,17,25,28	1
4,6,17,26	15
4,6,17,26,27	86
4,6,17,27	11
4,6,18	1
4,6,19	20
4,6,19,22,25,26,27	43
4,6,19,22,25,27,29	1
4,6,19,25	1745
4,6,19,25,26	541
4,6,19,25,26,27	6110
4,6,19,25,26,27,28	77
4,6,19,25,26,27,29	1
4,6,19,25,26,28	1
4,6,19,25,27	1587
4,6,19,25,27,28	24
4,6,19,25,28	20
4,6,19,26	58
4,6,19,26,27	130
4,6,19,26,27,28	1
4,6,19,26,27,30	1
4,6,19,26,30	1
4,6,19,27	36
4,6,19,30	1
4,6,21,25,26,27	1
4,6,21,26,27	1
4,6,22	946
4,6,22,25,26	12
4,6,22,25,26,27	1922
4,6,22,25,26,27,28	35
4,6,22,25,27	7
4,6,22,26	264
4,6,22,26,27	13896
4,6,22,26,27,28	2
4,6,22,26,27,29	5
4,6,22,27	332
4,6,22,27,29	9
4,6,23	6
4,6,23,25,26,27	4
4,6,23,26	6
4,6,23,26,27	140
4,6,23,27	2
4,6,25	65370
4,6,25,26	18327
4,6,25,26,27	273197
4,6,25,26,27,28	1820
4,6,25,26,27,30	5
4,6,25,26,28	41
4,6,25,26,29	1
4,6,25,27	44082
4,6,25,27,28	316
4,6,25,27,29	1
4,6,25,27,30	1
4,6,25,28	353
4,6,26	504818
4,6,26,27	2157685
4,6,26,27,28	4760
4,6,26,27,29	140
4,6,26,27,30	3
4,6,26,28	167
4,6,26,29	23
4,6,27	326167
4,6,27,28	405
4,6,27,29	42
4,6,27,30	6
4,6,28	4003
4,6,29	13
4,6,30	4
4,6,7	79
4,6,7,10,16,25,26,27	1
4,6,7,10,25	1
4,6,7,10,25,26	1
4,6,7,10,25,26,27	8
4,6,7,11,13,19,25,26	1
4,6,7,11,13,25,26,27	1
4,6,7,11,15,19,25,26,27	1
4,6,7,11,19,25,26,27	2
4,6,7,11,19,25,27	2
4,6,7,11,25	2
4,6,7,11,25,26	2
4,6,7,11,25,26,27	11
4,6,7,11,26,27	2
4,6,7,11,27	1
4,6,7,13	5
4,6,7,13,15,19,25,26,27	1
4,6,7,13,15,19,25,26,27,28	1
4,6,7,13,15,26	1
4,6,7,13,15,26,27	3
4,6,7,13,19,25,26,27	1
4,6,7,13,23	2
4,6,7,13,23,26	1
4,6,7,13,25,26,27	1
4,6,7,13,26,27	5
4,6,7,13,27	5
4,6,7,14,26	1
4,6,7,15	4
4,6,7,15,16,22,25,26,27	1
4,6,7,15,16,25,26,27	2
4,6,7,15,19,25,26	1
4,6,7,15,19,25,26,27	4
4,6,7,15,19,25,26,27,28	2
4,6,7,15,19,25,27,28	1
4,6,7,15,25,26,27	15
4,6,7,15,25,26,27,28	4
4,6,7,15,25,27	2
4,6,7,15,25,28	1
4,6,7,15,26	6
4,6,7,15,26,27	58
4,6,7,15,26,27,28	1
4,6,7,15,27	3
4,6,7,16,17,25,26,27	1
4,6,7,16,19,22,25,26,27	1
4,6,7,16,22,25,26,27	8
4,6,7,16,22,25,26,27,28	1
4,6,7,16,25,26	1
4,6,7,16,25,26,27	137
4,6,7,16,25,26,27,28	9
4,6,7,16,25,27	2
4,6,7,17,25,26,27	1
4,6,7,18,20,21,23,24,26,27	1
4,6,7,19,25	1
4,6,7,19,25,26	1
4,6,7,19,25,26,27	13
4,6,7,19,25,26,27,28	3
4,6,7,19,25,27	2
4,6,7,19,25,27,28	1
4,6,7,22,25,26,27	7
4,6,7,22,25,26,27,28	1
4,6,7,25	25
4,6,7,25,26	61
4,6,7,25,26,27	634
4,6,7,25,26,27,28	81
4,6,7,25,26,28	1
4,6,7,25,27	45
4,6,7,25,27,28	1
4,6,7,26	82
4,6,7,26,27	531
4,6,7,26,27,28	49
4,6,7,26,28	2
4,6,7,27	46
4,6,7,27,28	4
4,6,7,28	1
4,6,7,8,10,25,26,27	1
4,6,7,8,11,15,19,25,26,27	1
4,6,7,8,11,25,26,27	1
4,6,7,8,16,17,25,26,27	1
4,6,7,8,16,17,25,26,27,28	1
4,6,7,8,16,22,25,26,27	4
4,6,7,8,16,25,26,27	41
4,6,7,8,16,25,26,27,28	3
4,6,7,8,16,25,27	1
4,6,7,8,17,25,26,27	1
4,6,7,8,22,25,26,27	2
4,6,7,8,25,26,27	19
4,6,7,8,25,26,27,28	2
4,6,8	444
4,6,8,10,25,26,27	3
4,6,8,11	8
4,6,8,11,15,17,25,26,27	1
4,6,8,11,15,19,25,26,27	3
4,6,8,11,15,25,26,27	4
4,6,8,11,16,17,19,25,26,27	1
4,6,8,11,16,17,25,26,27	2
4,6,8,11,16,19,25,26,27	10
4,6,8,11,16,25,26	2
4,6,8,11,16,25,26,27	22
4,6,8,11,17,19,25,26,27	2
4,6,8,11,17,25,26,27	46
4,6,8,11,17,26,27	1
4,6,8,11,17,27	1
4,6,8,11,19,25,26	2
4,6,8,11,19,25,26,27	44
4,6,8,11,19,25,27	3
4,6,8,11,25	3
4,6,8,11,25,26	4
4,6,8,11,25,26,27	706
4,6,8,11,25,27	10
4,6,8,11,26	12
4,6,8,11,26,27	19
4,6,8,11,27	1
4,6,8,12,15,25,26,27	1
4,6,8,12,19,25,26,27	1
4,6,8,12,25,26,27	1
4,6,8,12,26,27	12
4,6,8,15	13
4,6,8,15,16,19,25,26,27	1
4,6,8,15,16,25,26,27	1
4,6,8,15,17	2
4,6,8,15,17,25,26	2
4,6,8,15,17,25,26,27	1
4,6,8,15,17,26	4
4,6,8,15,19,26	3
4,6,8,15,25	1
4,6,8,15,25,26	2
4,6,8,15,25,26,27	7
4,6,8,15,25,26,27,28	3
4,6,8,15,26	31
4,6,8,15,26,27	5
4,6,8,16,17,19,25,26,27	3
4,6,8,16,17,22,25,26,27	1
4,6,8,16,17,25,26,27	106
4,6,8,16,17,25,26,27,28	4
4,6,8,16,17,25,27	1
4,6,8,16,19,22,25,26,27	1
4,6,8,16,19,25,26	1
4,6,8,16,19,25,26,27	117
4,6,8,16,19,25,26,27,28	1
4,6,8,16,19,25,27	2
4,6,8,16,22,25,26,27	30
4,6,8,16,22,25,26,27,28	5
4,6,8,16,25	4
4,6,8,16,25,26	18
4,6,8,16,25,26,27	2969
4,6,8,16,25,26,27,28	111
4,6,8,16,25,27	16
4,6,8,16,26,27	2
4,6,8,17	9
4,6,8,17,19,25,26,27	9
4,6,8,17,19,25,27	1
4,6,8,17,19,26	1
4,6,8,17,25	2
4,6,8,17,25,26	1
4,6,8,17,25,26,27	135
4,6,8,17,25,26,27,28	2
4,6,8,17,25,27	2
4,6,8,17,26	23
4,6,8,17,26,27	132
4,6,8,17,27	13
4,6,8,19	6
4,6,8,19,25,26	7
4,6,8,19,25,26,27	170
4,6,8,19,25,27	3
4,6,8,19,26	51
4,6,8,22,25,26,27	22
4,6,8,22,25,26,27,28	4
4,6,8,22,26,27	6
4,6,8,25	47
4,6,8,25,26	57
4,6,8,25,26,27	5035
4,6,8,25,26,27,28	77
4,6,8,25,26,27,30	1
4,6,8,25,27	84
4,6,8,25,27,28	1
4,6,8,26	773
4,6,8,26,27	7200
4,6,8,26,27,28	20
4,6,8,27	285
4,6,8,28	1
4,6,8,9,10,12,15,19,21,22,25,26,27,29	1
4,6,8,9,12,15,19,21,22,25,26,27,29	1
4,6,9,11,12,27,29	1
4,6,9,15,19,21,25,29	1
4,6,9,15,22,26,27,29	3
4,6,9,15,22,27,29	3
4,6,9,15,27	1
4,6,9,19,21,25,26,27	1
4,6,9,26,27	4
4,6,9,26,27,29	168
4,6,9,26,29	2
4,6,9,27	5
4,6,9,27,29	30
4,6,9,29	4
4,7	392
4,7,11,25,26,27	1
4,7,11,25,27	1
4,7,13	21
4,7,13,14	2
4,7,13,14,18,20,21,23,24,26,27	1
4,7,13,14,18,20,21,23,24,27	1
4,7,13,15	1
4,7,13,18,20,21,23,24	1
4,7,13,20	3
4,7,13,20,23	1
4,7,13,21	1
4,7,13,23,26	1
4,7,13,23,27	1
4,7,13,26,27	1
4,7,13,27	3
4,7,14	1
4,7,14,18,20,21	1
4,7,14,18,20,21,23	1
4,7,14,18,21,23	1
4,7,14,23	1
4,7,15	10
4,7,15,25	1
4,7,15,26	2
4,7,16,25,26,27	1
4,7,17,18	2
4,7,18,20,21	1
4,7,18,20,21,23	1
4,7,18,20,21,23,24	1
4,7,18,20,21,23,24,26	1
4,7,18,20,21,23,24,26,27	1
4,7,18,20,21,23,27	2
4,7,18,20,21,24	2
4,7,18,20,21,24,26	2
4,7,18,20,21,27	1
4,7,18,21	1
4,7,18,24	1
4,7,19,25,26,27	1
4,7,20	6
4,7,21	1
4,7,21,24	1
4,7,23	7
4,7,23,27	1
4,7,24	4
4,7,25	2
4,7,26	10
4,7,26,27	10
4,7,27	52
4,7,28	1
4,7,8,15,27	1
4,8	29420
4,8,11	59
4,8,11,12,26	1
4,8,11,12,26,27	1
4,8,11,16,17,27	5
4,8,11,17	2
4,8,11,17,25	1
4,8,11,17,25,26,27	4
4,8,11,17,27	2
4,8,11,19	7
4,8,11,19,25,26,27	9
4,8,11,19,25,27	2
4,8,11,19,26	21
4,8,11,25	2
4,8,11,25,26	2
4,8,11,25,26,27	57
4,8,11,25,26,27,28	1
4,8,11,25,27	7
4,8,11,26	17
4,8,11,26,27	31
4,8,11,27	7
4,8,12,26	4
4,8,12,26,27	35
4,8,15	16
4,8,15,17	1
4,8,15,17,26	1
4,8,15,19	5
4,8,15,19,25	1
4,8,15,19,26	35
4,8,15,25,26	5
4,8,15,26	74
4,8,15,27	5
4,8,16,17,22,25,26,27	1
4,8,16,17,27	4
4,8,16,25	3
4,8,16,25,26,27	2
4,8,16,25,27	1
4,8,16,26,27	1
4,8,16,27	2
4,8,17	142
4,8,17,19	1
4,8,17,19,25,26	2
4,8,17,19,25,26,27	1
4,8,17,19,25,27	1
4,8,17,19,26	59
4,8,17,25	1
4,8,17,25,26	2
4,8,17,25,26,27	3
4,8,17,26	65
4,8,17,26,27	9
4,8,17,27	43
4,8,19	155
4,8,19,25	9
4,8,19,25,26	48
4,8,19,25,26,27	6
4,8,19,25,27	6
4,8,19,26	2693
4,8,19,26,27	2
4,8,22	3
4,8,25	34
4,8,25,26	69
4,8,25,26,27	122
4,8,25,27	15
4,8,26	4577
4,8,26,27	1532
4,8,27	849
4,9	1
4,9,11,27,29	2
4,9,15,22,27,29	9
4,9,26,27	2
4,9,26,27,29	19
4,9,27	1
4,9,27,29	40
4,9,29	6
5	4886
5,10	7
5,10,11,27	1
5,10,14,21,27	1
5,10,15	1
5,10,15,27	3
5,10,15,27,29,30	1
5,10,15,27,30	1
5,10,21,27,30	1
5,10,26,27	2
5,10,27	107
5,10,27,29	2
5,10,27,30	3
5,11	1062
5,11,14,21,27	1
5,11,15	3
5,11,15,25,27	1
5,11,15,27	2
5,11,19,25	1
5,11,19,25,27	1
5,11,25	9622
5,11,25,26	17
5,11,25,26,27	55
5,11,25,27	2566
5,11,26	4
5,11,26,27	8
5,11,27	375
5,12,27	2
5,13	228
5,13,14,18,20,21,23	3
5,13,14,18,20,21,23,27	1
5,13,14,20,21,23	1
5,13,20	16
5,13,20,23	4
5,13,23	30
5,14	17
5,14,15	19
5,14,15,26	1
5,14,15,29	2
5,14,18,21	2
5,14,21	2
5,14,21,27	2
5,14,27	1
5,15	11219
5,15,19,25	2
5,15,21,27	1
5,15,22	3
5,15,22,27,29	1
5,15,22,29	14
5,15,25	14
5,15,25,26,27	1
5,15,25,27	2
5,15,26	144
5,15,26,27	12
5,15,27	176
5,15,27,29	1
5,15,27,30	3
5,15,29	291
5,15,29,30	6
5,16	1
5,16,27	2
5,18,20,21	1
5,18,21	4
5,19	3
5,19,25	12
5,19,25,26	3
5,19,25,26,27	2
5,19,25,27	6
5,19,27	1
5,20	23
5,20,23	2
5,21	17
5,21,23	2
5,21,27	6
5,22	53
5,22,29	3
5,23	448
5,23,27	2
5,24	113
5,25	3389
5,25,26	17
5,25,26,27	29
5,25,26,27,29	1
5,25,27	696
5,26	61034
5,26,27	44417
5,26,27,29	2
5,26,29	4
5,27	1170746
5,27,28	1
5,27,29	21
5,27,30	36
5,29	316
5,30	2
5,6	116548
5,6,10,12,15,19,21,25,26,27,29,30	1
5,6,10,15,25,26,27	2
5,6,10,15,25,26,27,30	1
5,6,10,26,27	1
5,6,11	40
5,6,11,15	1
5,6,11,15,25	1
5,6,11,19,25,26,27	1
5,6,11,19,25,27	1
5,6,11,25	47
5,6,11,25,26	76
5,6,11,25,26,27	178
5,6,11,25,27	57
5,6,11,26	21
5,6,11,26,27	50
5,6,11,27	51
5,6,11,27,29	1
5,6,12,14,15	1
5,6,12,15,19,25	1
5,6,12,15,19,25,27	2
5,6,12,15,25,27	5
5,6,12,15,27	2
5,6,12,19,25	1
5,6,12,26,27	1
5,6,13	1
5,6,13,26	1
5,6,14,15	1
5,6,14,15,26	1
5,6,14,26,27	1
5,6,14,27	6
5,6,15	628
5,6,15,19,21,25,27,29	1
5,6,15,19,25	10
5,6,15,19,25,26,27	2
5,6,15,19,25,26,27,29	1
5,6,15,19,25,27	5
5,6,15,19,25,27,29	2
5,6,15,21,27,30	1
5,6,15,25	49
5,6,15,25,26	2
5,6,15,25,26,27	34
5,6,15,25,26,27,30	2
5,6,15,25,27	13
5,6,15,25,27,29	2
5,6,15,26	405
5,6,15,26,27	175
5,6,15,26,27,29	3
5,6,15,27	128
5,6,15,27,29	2
5,6,15,29	15
5,6,19	1
5,6,19,25	12
5,6,19,25,26	23
5,6,19,25,26,27	66
5,6,19,25,27	18
5,6,19,26,27	2
5,6,20,26	1
5,6,21,27	1
5,6,25	280
5,6,25,26	85
5,6,25,26,27	643
5,6,25,26,27,30	2
5,6,25,27	307
5,6,26	209235
5,6,26,27	116495
5,6,26,27,29	24
5,6,26,27,30	1
5,6,26,29	3
5,6,27	83005
5,6,27,29	39
5,6,28	1
5,6,29	13
5,6,7	6
5,6,7,13	2
5,6,7,13,20,26	1
5,6,7,13,23	1
5,6,7,13,26	3
5,6,7,15,26	1
5,6,7,23,26	1
5,6,8,12,15,26,27	1
5,6,8,15,19,25,26,27	3
5,6,8,15,25,26,27	3
5,6,8,15,25,26,27,29	1
5,6,8,25,26,27,30	1
5,6,8,26,27	2
5,6,8,9,10,12,15,17,19,21,25,26,27,29,30	2
5,6,8,9,12,15,17,19,21,25,26,27,29,30	3
5,6,8,9,15,17,19,21,25,26,27,29,30	2
5,6,8,9,15,17,19,25,26,27,29	1
5,6,9,10,15,17,21,25,26,27,29	1
5,6,9,12,15,17,19,21,25,27,29,30	1
5,6,9,14,15,26,27,29	1
5,6,9,15,19,21,25,26,27,29	2
5,6,9,15,19,25,26,27,29	1
5,6,9,15,25,27,29	1
5,6,9,15,26,27,29	7
5,6,9,15,27,29	7
5,6,9,25,26,27,29	1
5,7	1745
5,7,13	252
5,7,13,14	3
5,7,13,14,18	1
5,7,13,14,18,20,21,23	2
5,7,13,14,18,20,21,23,24	2
5,7,13,14,18,20,21,23,24,26	1
5,7,13,14,18,20,21,23,26	2
5,7,13,14,20	1
5,7,13,14,20,21,23,24	1
5,7,13,14,20,23	1
5,7,13,14,26	1
5,7,13,20	45
5,7,13,20,23	13
5,7,13,20,26	2
5,7,13,23	64
5,7,13,26	1
5,7,13,27	1
5,7,14	1
5,7,14,18,20,21	1
5,7,14,18,20,21,23,26	1
5,7,14,18,20,21,23,26,27	1
5,7,14,18,21	11
5,7,14,21	1
5,7,15	11
5,7,18	1
5,7,18,20,21	3
5,7,18,20,21,23,26	1
5,7,18,21	8
5,7,20	13
5,7,20,21	3
5,7,20,23	2
5,7,21	10
5,7,21,23,24	1
5,7,21,23,24,26	1
5,7,23	122
5,7,23,24	1
5,7,23,26	1
5,7,26	2
5,7,27	32
5,8	10
5,8,10,15,27	1
5,8,10,27	1
5,8,15	1
5,8,15,27	4
5,8,16,27,28	1
5,8,26,27	1
5,8,27	88
5,9	1
5,9,15,19,25,27,29	1
5,9,15,27,29	10
5,9,21,27,29	1
5,9,22,27,29	1
5,9,27,29	1
5,9,29	1
6	20272
6,10	108
6,10,11,25,26,27	2
6,10,11,26	1
6,10,11,26,27	3
6,10,11,27	2
6,10,12,19,25,26,27,30	1
6,10,19,25,26,27	2
6,10,21,25,26,27,30	1
6,10,25	37
6,10,25,26	294
6,10,25,26,27	74
6,10,25,26,28	1
6,10,25,27	20
6,10,26	176
6,10,26,27	333
6,10,26,27,30	1
6,10,27	70
6,11	2874
6,11,12	4
6,11,12,26,27	1
6,11,12,27	26
6,11,13	2
6,11,13,25,27	2
6,11,13,27	1
6,11,15,19,25,26,27	1
6,11,15,25	1
6,11,15,25,26	1
6,11,15,26	3
6,11,16,19,25	3
6,11,16,19,25,26	3
6,11,16,19,25,26,27	4
6,11,16,19,25,27	2
6,11,16,25	5
6,11,16,25,26	21
6,11,16,25,26,27	7
6,11,16,25,27	12
6,11,17,25,27	1
6,11,17,26	1
6,11,19	15
6,11,19,25	183
6,11,19,25,26	81
6,11,19,25,26,27	89
6,11,19,25,26,27,28	1
6,11,19,25,27	89
6,11,19,26	9
6,11,22,26,27	7
6,11,25	2133
6,11,25,26	1990
6,11,25,26,27	1109
6,11,25,27	1267
6,11,25,27,28	1
6,11,26	3202
6,11,26,27	2416
6,11,27	2189
6,11,29	2
6,12	238
6,12,14,15,19,25,27	1
6,12,15	8
6,12,15,19,25,27	8
6,12,15,25	2
6,12,15,25,27	10
6,12,15,27	13
6,12,19,25	4
6,12,19,25,26,27	1
6,12,19,25,26,27,30	1
6,12,19,25,27	1
6,12,25	16
6,12,25,26	1
6,12,25,26,27	3
6,12,25,26,27,30	1
6,12,25,27	5
6,12,26	9
6,12,26,27	74
6,12,26,29	1
6,12,27	101
6,12,27,29	1
6,13	133
6,13,15	2
6,13,15,19,25,26	1
6,13,15,25,26,27	1
6,13,15,26	3
6,13,15,27	1
6,13,19	1
6,13,19,25	1
6,13,19,25,26	1
6,13,19,25,26,27	1
6,13,19,26,27	1
6,13,20	3
6,13,20,26	1
6,13,23	1
6,13,23,27	1
6,13,25	1
6,13,25,26,27	4
6,13,25,28	1
6,13,26	106
6,13,26,27	31
6,13,27	20
6,13,28	1
6,14	40
6,14,15	1
6,14,15,25,27	1
6,14,18,20,21,23,26,27	1
6,14,25	1
6,14,26	2
6,14,26,27	11
6,14,27	6
6,15	7688
6,15,17,26,27	1
6,15,19	1
6,15,19,21,25,26,27	2
6,15,19,25	375
6,15,19,25,26	10
6,15,19,25,26,27	34
6,15,19,25,27	46
6,15,19,25,27,29	11
6,15,19,26	28
6,15,22	1
6,15,22,29	2
6,15,25	2056
6,15,25,26	27
6,15,25,26,27	45
6,15,25,26,27,28	1
6,15,25,26,27,29	1
6,15,25,26,27,30	2
6,15,25,27	164
6,15,25,27,29	9
6,15,25,28	1
6,15,26	835
6,15,26,27	121
6,15,26,27,29	2
6,15,27	140
6,15,28	5
6,15,29	1
6,16	490
6,16,17	1
6,16,17,25	1
6,16,17,25,26,27	1
6,16,19,25	27
6,16,19,25,26	32
6,16,19,25,26,27	39
6,16,19,25,27	16
6,16,22,25,26,27	22
6,16,25	2957
6,16,25,26	1448
6,16,25,26,27	3474
6,16,25,26,27,28	13
6,16,25,26,28	2
6,16,25,27	1259
6,16,25,27,28	5
6,16,25,28	5
6,16,26	88
6,16,26,27	18
6,16,27	55
6,17	20
6,17,19,25	1
6,17,25	19
6,17,25,26	2
6,17,25,26,27	4
6,17,25,27	3
6,17,26	12
6,17,26,27	3
6,17,27	5
6,18	4
6,18,20,21,23	1
6,19	244
6,19,22,25,26,27	1
6,19,25	5618
6,19,25,26	1053
6,19,25,26,27	1035
6,19,25,26,27,28	8
6,19,25,26,28	2
6,19,25,27	1092
6,19,25,27,28	6
6,19,25,27,29	2
6,19,25,28	12
6,19,26	602
6,19,26,27	102
6,19,27	25
6,20	4
6,20,27	1
6,21	3
6,21,25,26,27	1
6,21,26,27	2
6,22	416
6,22,25	1
6,22,25,26	21
6,22,25,26,27	48
6,22,25,26,27,28	2
6,22,25,27	1
6,22,26	611
6,22,26,27	837
6,22,26,27,28	1
6,22,27	1286
6,22,27,29	2
6,22,29	2
6,23	16
6,23,24,26	1
6,23,25,26,27	1
6,23,26	14
6,23,26,27	4
6,23,27	1
6,24	15
6,24,26	2
6,25	252944
6,25,26	237299
6,25,26,27	64895
6,25,26,27,28	89
6,25,26,27,29	2
6,25,26,27,30	4
6,25,26,28	27
6,25,27	40639
6,25,27,28	99
6,25,27,29	2
6,25,28	376
6,25,30	1
6,26	15414101
6,26,27	1424895
6,26,27,28	231
6,26,27,29	180
6,26,27,30	7
6,26,28	243
6,26,29	56
6,27	753152
6,27,28	398
6,27,29	77
6,28	3620
6,29	59
6,7	1789
6,7,10	2
6,7,10,25,26	7
6,7,10,25,26,27	1
6,7,11,15,19,25	1
6,7,11,19,25,26,27	1
6,7,11,25	4
6,7,11,25,26	1
6,7,11,26	3
6,7,13	13
6,7,13,14,18,20,21,23	1
6,7,13,14,18,20,21,23,24,26	2
6,7,13,14,18,20,21,23,26	1
6,7,13,14,26,27	1
6,7,13,15,26	1
6,7,13,15,26,27	2
6,7,13,20,23,26	1
6,7,13,20,27	1
6,7,13,23	1
6,7,13,23,26	1
6,7,13,23,27	1
6,7,13,26	4
6,7,13,26,27	1
6,7,14	1
6,7,15	117
6,7,15,19,25,26	1
6,7,15,19,25,26,27	1
6,7,15,25	1
6,7,15,25,26,27	1
6,7,15,25,28	1
6,7,15,26	14
6,7,15,26,27	5
6,7,15,27	1
6,7,16,25	1
6,7,16,25,26	1
6,7,16,25,26,27	14
6,7,16,25,26,27,28	1
6,7,18,20,21	1
6,7,18,21,26	1
6,7,19,25	1
6,7,19,25,26	2
6,7,19,25,26,27	2
6,7,19,25,27	1
6,7,22,25,26,27	1
6,7,23	4
6,7,23,26	1
6,7,23,27	1
6,7,25	251
6,7,25,26	678
6,7,25,26,27	123
6,7,25,26,27,28	6
6,7,25,27	10
6,7,25,27,28	1
6,7,26	2081
6,7,26,27	211
6,7,26,27,28	5
6,7,26,28	2
6,7,27	25
6,7,27,28	1
6,7,28	1
6,7,8	1
6,7,8,16,25,26,27	1
6,7,8,25,26,27	2
6,8	414
6,8,11	4
6,8,11,17	1
6,8,11,17,26	1
6,8,11,17,26,27	1
6,8,11,25,26,27	1
6,8,11,26	9
6,8,11,26,27	6
6,8,11,27	5
6,8,12,15,19,21,25,26,27,29	1
6,8,12,25,26,27,30	1
6,8,12,26,27	6
6,8,15	5
6,8,15,17,26	2
6,8,15,19,25,26,27	1
6,8,15,19,26	1
6,8,15,25	2
6,8,15,25,26	5
6,8,15,25,26,27	2
6,8,15,26	10
6,8,16,17,19,25,26,27	1
6,8,16,17,25,26	1
6,8,16,17,25,26,27	2
6,8,16,19,25	1
6,8,16,19,25,26,27	2
6,8,16,22,25,26,27	1
6,8,16,25,26	2
6,8,16,25,26,27	41
6,8,16,25,26,27,28	1
6,8,17	7
6,8,17,19,25,26,27	1
6,8,17,25,26,27	5
6,8,17,25,27	1
6,8,17,26	4
6,8,17,26,27	5
6,8,17,27	3
6,8,19,25	1
6,8,19,25,26	3
6,8,19,25,26,27	7
6,8,19,25,27	1
6,8,19,26	3
6,8,25	21
6,8,25,26	16
6,8,25,26,27	106
6,8,25,26,27,28	2
6,8,25,26,27,30	1
6,8,25,27	9
6,8,26	346
6,8,26,27	382
6,8,26,27,28	1
6,8,27	97
6,8,9,10,15,17,19,21,25,26,27,29,30	1
6,8,9,12,15,17,21,25,26,27,29,30	1
6,9	69
6,9,10,12,14,15,19,21,25,26,27,29	1
6,9,12,22	1
6,9,14,15,26,27,29	1
6,9,15,17,19,21,25,26,27,29	1
6,9,15,19,21,25,27,29	1
6,9,15,19,25,27	1
6,9,15,22	1
6,9,15,25	1
6,9,15,26,27,29	6
6,9,15,27,29	6
6,9,19,25	2
6,9,22	28
6,9,22,25,26	1
6,9,22,26	4
6,9,25,26,27	1
6,9,26	17
6,9,26,27	5
6,9,26,27,29	36
6,9,26,29	1
6,9,27	8
6,9,27,29	5
6,9,29	5
7	5710
7,10	46
7,10,15,16,27	4
7,10,15,27	2
7,11	76
7,11,15,27,28	1
7,11,25	2
7,13	2013
7,13,14	30
7,13,14,18	2
7,13,14,18,20	1
7,13,14,18,20,21,23	20
7,13,14,18,20,21,23,24	7
7,13,14,18,20,21,23,24,26	4
7,13,14,18,20,21,23,24,26,27	2
7,13,14,18,20,21,23,26	4
7,13,14,18,20,21,23,26,27	2
7,13,14,18,20,21,23,27	2
7,13,14,18,20,21,24	2
7,13,14,18,20,23,24	3
7,13,14,18,20,24	2
7,13,14,18,21,23	1
7,13,14,18,21,23,24	1
7,13,14,18,21,23,24,26,27	1
7,13,14,18,21,24	2
7,13,14,18,23,24	1
7,13,14,20	2
7,13,14,20,21,23,24	34
7,13,14,20,21,23,24,26	5
7,13,14,20,21,23,24,26,27	1
7,13,14,20,21,23,24,27	1
7,13,14,20,21,24	3
7,13,14,20,23,24	7
7,13,14,20,24	2
7,13,14,20,26	1
7,13,14,21	1
7,13,14,21,23,24	10
7,13,14,21,23,24,26	1
7,13,14,21,24	2
7,13,14,23	5
7,13,14,23,24	5
7,13,14,24	7
7,13,14,26	1
7,13,15	18
7,13,15,25	1
7,13,15,27	38
7,13,15,27,28	2
7,13,18	25
7,13,18,20,21	2
7,13,18,20,21,23	4
7,13,18,20,21,23,24	10
7,13,18,20,21,23,26	1
7,13,18,20,21,23,27	1
7,13,18,20,21,24	5
7,13,18,20,23,24	6
7,13,18,20,23,24,27	1
7,13,18,20,24	1
7,13,18,21	4
7,13,18,21,23	7
7,13,18,21,23,24	2
7,13,18,21,24	6
7,13,18,21,24,26	1
7,13,18,21,24,27	2
7,13,18,23	1
7,13,18,23,24	1
7,13,18,23,27	1
7,13,18,24	26
7,13,20	151
7,13,20,21	4
7,13,20,21,23	2
7,13,20,21,23,24	17
7,13,20,21,23,24,26	1
7,13,20,21,24	2
7,13,20,23	13
7,13,20,23,24	10
7,13,20,24	3
7,13,20,26	3
7,13,20,27	3
7,13,21	33
7,13,21,23	25
7,13,21,23,24	43
7,13,21,23,24,27	3
7,13,21,23,27	1
7,13,21,24	44
7,13,21,24,27	1
7,13,23	155
7,13,23,24	15
7,13,23,26	1
7,13,24	171
7,13,24,27	2
7,13,26	10
7,13,27	8
7,14	230
7,14,18	8
7,14,18,20,21	77
7,14,18,20,21,23	21
7,14,18,20,21,23,24	14
7,14,18,20,21,23,24,26	4
7,14,18,20,21,23,24,26,27	1
7,14,18,20,21,23,24,27	2
7,14,18,20,21,23,26	12
7,14,18,20,21,23,26,27	6
7,14,18,20,21,23,27	2
7,14,18,20,21,24	2
7,14,18,20,21,26	6
7,14,18,20,23,24	3
7,14,18,21	414
7,14,18,21,23	13
7,14,18,21,23,24	5
7,14,18,21,23,26	6
7,14,18,21,23,26,27	1
7,14,18,21,24	11
7,14,18,21,26	8
7,14,18,21,27	1
7,14,18,24	9
7,14,20	5
7,14,20,21	31
7,14,20,21,23	2
7,14,20,21,23,24	23
7,14,20,21,23,24,26	1
7,14,20,21,23,24,27	1
7,14,20,21,24	9
7,14,20,21,24,26	1
7,14,20,23	1
7,14,20,23,24	4
7,14,20,24	7
7,14,21	371
7,14,21,23	14
7,14,21,23,24	23
7,14,21,23,24,27	2
7,14,21,23,26	1
7,14,21,24	32
7,14,21,26	3
7,14,23	5
7,14,23,24	10
7,14,24	81
7,14,26	2
7,14,27	2
7,15	4568
7,15,16,17,27	1
7,15,16,22,27	19
7,15,16,22,27,28	2
7,15,16,27	183
7,15,16,27,28	17
7,15,22	5
7,15,22,27	3
7,15,22,27,28	1
7,15,25	6
7,15,25,27	2
7,15,26	32
7,15,26,27	5
7,15,26,27,28	2
7,15,27	779
7,15,27,28	105
7,15,28	31
7,16	1
7,17	83
7,18	1199
7,18,20	3
7,18,20,21	117
7,18,20,21,23	31
7,18,20,21,23,24	20
7,18,20,21,23,24,26	1
7,18,20,21,23,24,26,27	2
7,18,20,21,23,24,27	8
7,18,20,21,23,26	11
7,18,20,21,23,26,27	3
7,18,20,21,23,27	5
7,18,20,21,24	38
7,18,20,21,24,26	10
7,18,20,21,24,26,27	6
7,18,20,21,24,27	12
7,18,20,21,26	8
7,18,20,21,27	8
7,18,20,23,24	4
7,18,20,24	6
7,18,21	770
7,18,21,23	46
7,18,21,23,24	58
7,18,21,23,24,26	3
7,18,21,23,24,27	4
7,18,21,23,27	2
7,18,21,24	317
7,18,21,24,27	2
7,18,21,26	2
7,18,21,27	1
7,18,23	30
7,18,23,24	57
7,18,23,27	1
7,18,24	945
7,18,24,26	1
7,18,24,27	6
7,18,27	3
7,19,25	2
7,19,25,27	1
7,20	161
7,20,21	188
7,20,21,23	15
7,20,21,23,24	77
7,20,21,23,24,27	1
7,20,21,23,27	3
7,20,21,24	23
7,20,21,24,26	1
7,20,21,24,27	1
7,20,21,26	1
7,20,21,27	2
7,20,23	9
7,20,23,24	10
7,20,23,24,27	2
7,20,24	26
7,20,24,27	1
7,20,26	1
7,21	11126
7,21,23	162
7,21,23,24	299
7,21,23,24,26	5
7,21,23,24,27	16
7,21,23,26	2
7,21,23,27	9
7,21,24	1154
7,21,24,26	2
7,21,24,27	6
7,21,26	11
7,21,27	7
7,23	853
7,23,24	205
7,23,27	1
7,24	5602
7,24,26	1
7,24,27	14
7,25	177
7,25,26	40
7,25,26,27	13
7,25,27	5
7,26	703
7,26,27	34
7,26,28	6
7,27	1196
7,28	1
7,8	24
7,8,15	1
7,8,15,16,17,19,27	1
7,8,15,16,17,22,27,28	1
7,8,15,16,22,27	14
7,8,15,16,22,27,28	3
7,8,15,16,27	43
7,8,15,27	3
7,8,15,27,28	1
7,8,26,27	2
7,8,27	12
7,9	1
7,9,18,20,21,23,26,27	1
7,9,18,20,21,24	1
7,9,21,23	1
8	248103
8,10,26,27	3
8,10,27	3
8,11	78
8,11,12	10
8,11,12,27	25
8,11,16,25,27	1
8,11,17	1
8,11,17,26	1
8,11,17,26,27	1
8,11,17,27	3
8,11,19	3
8,11,19,26	2
8,11,19,26,27	2
8,11,19,27	2
8,11,25,26,27	3
8,11,26	40
8,11,26,27	7
8,11,27	24
8,12	39
8,12,15	1
8,12,15,27	1
8,12,26	5
8,12,26,27	33
8,12,27	13
8,14	1
8,15	9
8,15,16,17,22,27	1
8,15,16,17,26,27,28	1
8,15,16,17,27	3
8,15,16,22,27	13
8,15,16,27	15
8,15,17	1
8,15,17,19,25,26	1
8,15,17,26	2
8,15,17,27	6
8,15,19	1
8,15,19,26	10
8,15,22,27	1
8,15,25,26	1
8,15,25,26,27	1
8,15,26	35
8,15,26,27	2
8,15,27	34
8,15,27,28	4
8,16	6
8,16,17,22,27	6
8,16,17,22,27,28	1
8,16,17,26,27	1
8,16,17,27	133
8,16,17,27,28	4
8,16,19,25	1
8,16,19,25,26,27	2
8,16,19,27	2
8,16,22,25,27	1
8,16,22,27	304
8,16,22,27,28	27
8,16,25	4
8,16,25,26,27	81
8,16,25,27	5
8,16,25,27,28	1
8,16,26,27	33
8,16,27	4540
8,16,27,28	129
8,17	1857
8,17,19,25,26	1
8,17,19,26	1
8,17,22	2
8,17,25,26	1
8,17,26	75
8,17,26,27	31
8,17,27	218
8,19	122
8,19,25	3
8,19,25,26	5
8,19,25,26,27	5
8,19,25,27	3
8,19,26	525
8,19,26,27	25
8,19,27	16
8,20,27	1
8,22	31
8,22,26	1
8,22,26,27	7
8,22,26,27,28	2
8,22,27	68
8,25	77
8,25,26	47
8,25,26,27	196
8,25,27	31
8,26	11249
8,26,27	3979
8,26,27,28	107
8,27	8804
8,27,28	52
8,27,30	1
8,28	20
8,30	1
9	16
9,10,26	2
9,10,26,27	60
9,10,27	1
9,11,12,27,29	1
9,11,27,29	2
9,12,15,19	1
9,12,15,19,21	82
9,12,15,21	12
9,12,26,27,29	1
9,13,14,18,21,23	1
9,15	3
9,15,19	14
9,15,19,21	72
9,15,19,22,25	1
9,15,21	7
9,15,21,27	1
9,15,27,29	14
9,18,21,23,27	1
9,19	5
9,19,21	1
9,19,25	1
9,19,25,27	1
9,20,21,23	1
9,21	4
9,21,23,24	2
9,21,27	3
9,22	22
9,22,26	1
9,24	1
9,26	35
9,26,27	113
9,26,27,29	28
9,26,29	18
9,27	16
9,27,29	188
9,29	291